dfs
10
0
10041
7 8
1 4 5
3 6 7
4 9
10 12 13
8 10
0 1 2 3 4
13	14	15
14	16	17
15	18	19
16	20	21
17	22	23
18	24	25
19	26	27
20	28	29
21	30	31
22	32	33
23	34	35
24	36	37
25	38	39
26	40	41
27	42	43
28	44	45
29	46	47
30	48	49
31	50	51
32	52	53
33	54	55
34	56	57
35	58	59
36	60	61
37	62	63
38	64	65
39	66	67
40	68	69
41	70	71
42	72	73
43	74	75
44	76	77
45	78	79
46	80	81
47	82	83
48	84	85
49	86	87
50	88	89
51	90	91
52	92	93
53	94	95
54	96	97
55	98	99
56	100	101
57	102	103
58	104	105
59	106	107
60	108	109
61	110	111
62	112	113
63	114	115
64	116	117
65	118	119
66	120	121
67	122	123
68	124	125
69	126	127
70	128	129
71	130	131
72	132	133
73	134	135
74	136	137
75	138	139
76	140	141
77	142	143
78	144	145
79	146	147
80	148	149
81	150	151
82	152	153
83	154	155
84	156	157
85	158	159
86	160	161
87	162	163
88	164	165
89	166	167
90	168	169
91	170	171
92	172	173
93	174	175
94	176	177
95	178	179
96	180	181
97	182	183
98	184	185
99	186	187
100	188	189
101	190	191
102	192	193
103	194	195
104	196	197
105	198	199
106	200	201
107	202	203
108	204	205
109	206	207
110	208	209
111	210	211
112	212	213
113	214	215
114	216	217
115	218	219
116	220	221
117	222	223
118	224	225
119	226	227
120	228	229
121	230	231
122	232	233
123	234	235
124	236	237
125	238	239
126	240	241
127	242	243
128	244	245
129	246	247
130	248	249
131	250	251
132	252	253
133	254	255
134	256	257
135	258	259
136	260	261
137	262	263
138	264	265
139	266	267
140	268	269
141	270	271
142	272	273
143	274	275
144	276	277
145	278	279
146	280	281
147	282	283
148	284	285
149	286	287
150	288	289
151	290	291
152	292	293
153	294	295
154	296	297
155	298	299
156	300	301
157	302	303
158	304	305
159	306	307
160	308	309
161	310	311
162	312	313
163	314	315
164	316	317
165	318	319
166	320	321
167	322	323
168	324	325
169	326	327
170	328	329
171	330	331
172	332	333
173	334	335
174	336	337
175	338	339
176	340	341
177	342	343
178	344	345
179	346	347
180	348	349
181	350	351
182	352	353
183	354	355
184	356	357
185	358	359
186	360	361
187	362	363
188	364	365
189	366	367
190	368	369
191	370	371
192	372	373
193	374	375
194	376	377
195	378	379
196	380	381
197	382	383
198	384	385
199	386	387
200	388	389
201	390	391
202	392	393
203	394	395
204	396	397
205	398	399
206	400	401
207	402	403
208	404	405
209	406	407
210	408	409
211	410	411
212	412	413
213	414	415
214	416	417
215	418	419
216	420	421
217	422	423
218	424	425
219	426	427
220	428	429
221	430	431
222	432	433
223	434	435
224	436	437
225	438	439
226	440	441
227	442	443
228	444	445
229	446	447
230	448	449
231	450	451
232	452	453
233	454	455
234	456	457
235	458	459
236	460	461
237	462	463
238	464	465
239	466	467
240	468	469
241	470	471
242	472	473
243	474	475
244	476	477
245	478	479
246	480	481
247	482	483
248	484	485
249	486	487
250	488	489
251	490	491
252	492	493
253	494	495
254	496	497
255	498	499
256	500	501
257	502	503
258	504	505
259	506	507
260	508	509
261	510	511
262	512	513
263	514	515
264	516	517
265	518	519
266	520	521
267	522	523
268	524	525
269	526	527
270	528	529
271	530	531
272	532	533
273	534	535
274	536	537
275	538	539
276	540	541
277	542	543
278	544	545
279	546	547
280	548	549
281	550	551
282	552	553
283	554	555
284	556	557
285	558	559
286	560	561
287	562	563
288	564	565
289	566	567
290	568	569
291	570	571
292	572	573
293	574	575
294	576	577
295	578	579
296	580	581
297	582	583
298	584	585
299	586	587
300	588	589
301	590	591
302	592	593
303	594	595
304	596	597
305	598	599
306	600	601
307	602	603
308	604	605
309	606	607
310	608	609
311	610	611
312	612	613
313	614	615
314	616	617
315	618	619
316	620	621
317	622	623
318	624	625
319	626	627
320	628	629
321	630	631
322	632	633
323	634	635
324	636	637
325	638	639
326	640	641
327	642	643
328	644	645
329	646	647
330	648	649
331	650	651
332	652	653
333	654	655
334	656	657
335	658	659
336	660	661
337	662	663
338	664	665
339	666	667
340	668	669
341	670	671
342	672	673
343	674	675
344	676	677
345	678	679
346	680	681
347	682	683
348	684	685
349	686	687
350	688	689
351	690	691
352	692	693
353	694	695
354	696	697
355	698	699
356	700	701
357	702	703
358	704	705
359	706	707
360	708	709
361	710	711
362	712	713
363	714	715
364	716	717
365	718	719
366	720	721
367	722	723
368	724	725
369	726	727
370	728	729
371	730	731
372	732	733
373	734	735
374	736	737
375	738	739
376	740	741
377	742	743
378	744	745
379	746	747
380	748	749
381	750	751
382	752	753
383	754	755
384	756	757
385	758	759
386	760	761
387	762	763
388	764	765
389	766	767
390	768	769
391	770	771
392	772	773
393	774	775
394	776	777
395	778	779
396	780	781
397	782	783
398	784	785
399	786	787
400	788	789
401	790	791
402	792	793
403	794	795
404	796	797
405	798	799
406	800	801
407	802	803
408	804	805
409	806	807
410	808	809
411	810	811
412	812	813
413	814	815
414	816	817
415	818	819
416	820	821
417	822	823
418	824	825
419	826	827
420	828	829
421	830	831
422	832	833
423	834	835
424	836	837
425	838	839
426	840	841
427	842	843
428	844	845
429	846	847
430	848	849
431	850	851
432	852	853
433	854	855
434	856	857
435	858	859
436	860	861
437	862	863
438	864	865
439	866	867
440	868	869
441	870	871
442	872	873
443	874	875
444	876	877
445	878	879
446	880	881
447	882	883
448	884	885
449	886	887
450	888	889
451	890	891
452	892	893
453	894	895
454	896	897
455	898	899
456	900	901
457	902	903
458	904	905
459	906	907
460	908	909
461	910	911
462	912	913
463	914	915
464	916	917
465	918	919
466	920	921
467	922	923
468	924	925
469	926	927
470	928	929
471	930	931
472	932	933
473	934	935
474	936	937
475	938	939
476	940	941
477	942	943
478	944	945
479	946	947
480	948	949
481	950	951
482	952	953
483	954	955
484	956	957
485	958	959
486	960	961
487	962	963
488	964	965
489	966	967
490	968	969
491	970	971
492	972	973
493	974	975
494	976	977
495	978	979
496	980	981
497	982	983
498	984	985
499	986	987
500	988	989
501	990	991
502	992	993
503	994	995
504	996	997
505	998	999
506	1000	1001
507	1002	1003
508	1004	1005
509	1006	1007
510	1008	1009
511	1010	1011
512	1012	1013
513	1014	1015
514	1016	1017
515	1018	1019
516	1020	1021
517	1022	1023
518	1024	1025
519	1026	1027
520	1028	1029
521	1030	1031
522	1032	1033
523	1034	1035
524	1036	1037
525	1038	1039
526	1040	1041
527	1042	1043
528	1044	1045
529	1046	1047
530	1048	1049
531	1050	1051
532	1052	1053
533	1054	1055
534	1056	1057
535	1058	1059
536	1060	1061
537	1062	1063
538	1064	1065
539	1066	1067
540	1068	1069
541	1070	1071
542	1072	1073
543	1074	1075
544	1076	1077
545	1078	1079
546	1080	1081
547	1082	1083
548	1084	1085
549	1086	1087
550	1088	1089
551	1090	1091
552	1092	1093
553	1094	1095
554	1096	1097
555	1098	1099
556	1100	1101
557	1102	1103
558	1104	1105
559	1106	1107
560	1108	1109
561	1110	1111
562	1112	1113
563	1114	1115
564	1116	1117
565	1118	1119
566	1120	1121
567	1122	1123
568	1124	1125
569	1126	1127
570	1128	1129
571	1130	1131
572	1132	1133
573	1134	1135
574	1136	1137
575	1138	1139
576	1140	1141
577	1142	1143
578	1144	1145
579	1146	1147
580	1148	1149
581	1150	1151
582	1152	1153
583	1154	1155
584	1156	1157
585	1158	1159
586	1160	1161
587	1162	1163
588	1164	1165
589	1166	1167
590	1168	1169
591	1170	1171
592	1172	1173
593	1174	1175
594	1176	1177
595	1178	1179
596	1180	1181
597	1182	1183
598	1184	1185
599	1186	1187
600	1188	1189
601	1190	1191
602	1192	1193
603	1194	1195
604	1196	1197
605	1198	1199
606	1200	1201
607	1202	1203
608	1204	1205
609	1206	1207
610	1208	1209
611	1210	1211
612	1212	1213
613	1214	1215
614	1216	1217
615	1218	1219
616	1220	1221
617	1222	1223
618	1224	1225
619	1226	1227
620	1228	1229
621	1230	1231
622	1232	1233
623	1234	1235
624	1236	1237
625	1238	1239
626	1240	1241
627	1242	1243
628	1244	1245
629	1246	1247
630	1248	1249
631	1250	1251
632	1252	1253
633	1254	1255
634	1256	1257
635	1258	1259
636	1260	1261
637	1262	1263
638	1264	1265
639	1266	1267
640	1268	1269
641	1270	1271
642	1272	1273
643	1274	1275
644	1276	1277
645	1278	1279
646	1280	1281
647	1282	1283
648	1284	1285
649	1286	1287
650	1288	1289
651	1290	1291
652	1292	1293
653	1294	1295
654	1296	1297
655	1298	1299
656	1300	1301
657	1302	1303
658	1304	1305
659	1306	1307
660	1308	1309
661	1310	1311
662	1312	1313
663	1314	1315
664	1316	1317
665	1318	1319
666	1320	1321
667	1322	1323
668	1324	1325
669	1326	1327
670	1328	1329
671	1330	1331
672	1332	1333
673	1334	1335
674	1336	1337
675	1338	1339
676	1340	1341
677	1342	1343
678	1344	1345
679	1346	1347
680	1348	1349
681	1350	1351
682	1352	1353
683	1354	1355
684	1356	1357
685	1358	1359
686	1360	1361
687	1362	1363
688	1364	1365
689	1366	1367
690	1368	1369
691	1370	1371
692	1372	1373
693	1374	1375
694	1376	1377
695	1378	1379
696	1380	1381
697	1382	1383
698	1384	1385
699	1386	1387
700	1388	1389
701	1390	1391
702	1392	1393
703	1394	1395
704	1396	1397
705	1398	1399
706	1400	1401
707	1402	1403
708	1404	1405
709	1406	1407
710	1408	1409
711	1410	1411
712	1412	1413
713	1414	1415
714	1416	1417
715	1418	1419
716	1420	1421
717	1422	1423
718	1424	1425
719	1426	1427
720	1428	1429
721	1430	1431
722	1432	1433
723	1434	1435
724	1436	1437
725	1438	1439
726	1440	1441
727	1442	1443
728	1444	1445
729	1446	1447
730	1448	1449
731	1450	1451
732	1452	1453
733	1454	1455
734	1456	1457
735	1458	1459
736	1460	1461
737	1462	1463
738	1464	1465
739	1466	1467
740	1468	1469
741	1470	1471
742	1472	1473
743	1474	1475
744	1476	1477
745	1478	1479
746	1480	1481
747	1482	1483
748	1484	1485
749	1486	1487
750	1488	1489
751	1490	1491
752	1492	1493
753	1494	1495
754	1496	1497
755	1498	1499
756	1500	1501
757	1502	1503
758	1504	1505
759	1506	1507
760	1508	1509
761	1510	1511
762	1512	1513
763	1514	1515
764	1516	1517
765	1518	1519
766	1520	1521
767	1522	1523
768	1524	1525
769	1526	1527
770	1528	1529
771	1530	1531
772	1532	1533
773	1534	1535
774	1536	1537
775	1538	1539
776	1540	1541
777	1542	1543
778	1544	1545
779	1546	1547
780	1548	1549
781	1550	1551
782	1552	1553
783	1554	1555
784	1556	1557
785	1558	1559
786	1560	1561
787	1562	1563
788	1564	1565
789	1566	1567
790	1568	1569
791	1570	1571
792	1572	1573
793	1574	1575
794	1576	1577
795	1578	1579
796	1580	1581
797	1582	1583
798	1584	1585
799	1586	1587
800	1588	1589
801	1590	1591
802	1592	1593
803	1594	1595
804	1596	1597
805	1598	1599
806	1600	1601
807	1602	1603
808	1604	1605
809	1606	1607
810	1608	1609
811	1610	1611
812	1612	1613
813	1614	1615
814	1616	1617
815	1618	1619
816	1620	1621
817	1622	1623
818	1624	1625
819	1626	1627
820	1628	1629
821	1630	1631
822	1632	1633
823	1634	1635
824	1636	1637
825	1638	1639
826	1640	1641
827	1642	1643
828	1644	1645
829	1646	1647
830	1648	1649
831	1650	1651
832	1652	1653
833	1654	1655
834	1656	1657
835	1658	1659
836	1660	1661
837	1662	1663
838	1664	1665
839	1666	1667
840	1668	1669
841	1670	1671
842	1672	1673
843	1674	1675
844	1676	1677
845	1678	1679
846	1680	1681
847	1682	1683
848	1684	1685
849	1686	1687
850	1688	1689
851	1690	1691
852	1692	1693
853	1694	1695
854	1696	1697
855	1698	1699
856	1700	1701
857	1702	1703
858	1704	1705
859	1706	1707
860	1708	1709
861	1710	1711
862	1712	1713
863	1714	1715
864	1716	1717
865	1718	1719
866	1720	1721
867	1722	1723
868	1724	1725
869	1726	1727
870	1728	1729
871	1730	1731
872	1732	1733
873	1734	1735
874	1736	1737
875	1738	1739
876	1740	1741
877	1742	1743
878	1744	1745
879	1746	1747
880	1748	1749
881	1750	1751
882	1752	1753
883	1754	1755
884	1756	1757
885	1758	1759
886	1760	1761
887	1762	1763
888	1764	1765
889	1766	1767
890	1768	1769
891	1770	1771
892	1772	1773
893	1774	1775
894	1776	1777
895	1778	1779
896	1780	1781
897	1782	1783
898	1784	1785
899	1786	1787
900	1788	1789
901	1790	1791
902	1792	1793
903	1794	1795
904	1796	1797
905	1798	1799
906	1800	1801
907	1802	1803
908	1804	1805
909	1806	1807
910	1808	1809
911	1810	1811
912	1812	1813
913	1814	1815
914	1816	1817
915	1818	1819
916	1820	1821
917	1822	1823
918	1824	1825
919	1826	1827
920	1828	1829
921	1830	1831
922	1832	1833
923	1834	1835
924	1836	1837
925	1838	1839
926	1840	1841
927	1842	1843
928	1844	1845
929	1846	1847
930	1848	1849
931	1850	1851
932	1852	1853
933	1854	1855
934	1856	1857
935	1858	1859
936	1860	1861
937	1862	1863
938	1864	1865
939	1866	1867
940	1868	1869
941	1870	1871
942	1872	1873
943	1874	1875
944	1876	1877
945	1878	1879
946	1880	1881
947	1882	1883
948	1884	1885
949	1886	1887
950	1888	1889
951	1890	1891
952	1892	1893
953	1894	1895
954	1896	1897
955	1898	1899
956	1900	1901
957	1902	1903
958	1904	1905
959	1906	1907
960	1908	1909
961	1910	1911
962	1912	1913
963	1914	1915
964	1916	1917
965	1918	1919
966	1920	1921
967	1922	1923
968	1924	1925
969	1926	1927
970	1928	1929
971	1930	1931
972	1932	1933
973	1934	1935
974	1936	1937
975	1938	1939
976	1940	1941
977	1942	1943
978	1944	1945
979	1946	1947
980	1948	1949
981	1950	1951
982	1952	1953
983	1954	1955
984	1956	1957
985	1958	1959
986	1960	1961
987	1962	1963
988	1964	1965
989	1966	1967
990	1968	1969
991	1970	1971
992	1972	1973
993	1974	1975
994	1976	1977
995	1978	1979
996	1980	1981
997	1982	1983
998	1984	1985
999	1986	1987
1000	1988	1989
1001	1990	1991
1002	1992	1993
1003	1994	1995
1004	1996	1997
1005	1998	1999
1006	2000	2001
1007	2002	2003
1008	2004	2005
1009	2006	2007
1010	2008	2009
1011	2010	2011
1012	2012	2013
1013	2014	2015
1014	2016	2017
1015	2018	2019
1016	2020	2021
1017	2022	2023
1018	2024	2025
1019	2026	2027
1020	2028	2029
1021	2030	2031
1022	2032	2033
1023	2034	2035
1024	2036	2037
1025	2038	2039
1026	2040	2041
1027	2042	2043
1028	2044	2045
1029	2046	2047
1030	2048	2049
1031	2050	2051
1032	2052	2053
1033	2054	2055
1034	2056	2057
1035	2058	2059
1036	2060	2061
1037	2062	2063
1038	2064	2065
1039	2066	2067
1040	2068	2069
1041	2070	2071
1042	2072	2073
1043	2074	2075
1044	2076	2077
1045	2078	2079
1046	2080	2081
1047	2082	2083
1048	2084	2085
1049	2086	2087
1050	2088	2089
1051	2090	2091
1052	2092	2093
1053	2094	2095
1054	2096	2097
1055	2098	2099
1056	2100	2101
1057	2102	2103
1058	2104	2105
1059	2106	2107
1060	2108	2109
1061	2110	2111
1062	2112	2113
1063	2114	2115
1064	2116	2117
1065	2118	2119
1066	2120	2121
1067	2122	2123
1068	2124	2125
1069	2126	2127
1070	2128	2129
1071	2130	2131
1072	2132	2133
1073	2134	2135
1074	2136	2137
1075	2138	2139
1076	2140	2141
1077	2142	2143
1078	2144	2145
1079	2146	2147
1080	2148	2149
1081	2150	2151
1082	2152	2153
1083	2154	2155
1084	2156	2157
1085	2158	2159
1086	2160	2161
1087	2162	2163
1088	2164	2165
1089	2166	2167
1090	2168	2169
1091	2170	2171
1092	2172	2173
1093	2174	2175
1094	2176	2177
1095	2178	2179
1096	2180	2181
1097	2182	2183
1098	2184	2185
1099	2186	2187
1100	2188	2189
1101	2190	2191
1102	2192	2193
1103	2194	2195
1104	2196	2197
1105	2198	2199
1106	2200	2201
1107	2202	2203
1108	2204	2205
1109	2206	2207
1110	2208	2209
1111	2210	2211
1112	2212	2213
1113	2214	2215
1114	2216	2217
1115	2218	2219
1116	2220	2221
1117	2222	2223
1118	2224	2225
1119	2226	2227
1120	2228	2229
1121	2230	2231
1122	2232	2233
1123	2234	2235
1124	2236	2237
1125	2238	2239
1126	2240	2241
1127	2242	2243
1128	2244	2245
1129	2246	2247
1130	2248	2249
1131	2250	2251
1132	2252	2253
1133	2254	2255
1134	2256	2257
1135	2258	2259
1136	2260	2261
1137	2262	2263
1138	2264	2265
1139	2266	2267
1140	2268	2269
1141	2270	2271
1142	2272	2273
1143	2274	2275
1144	2276	2277
1145	2278	2279
1146	2280	2281
1147	2282	2283
1148	2284	2285
1149	2286	2287
1150	2288	2289
1151	2290	2291
1152	2292	2293
1153	2294	2295
1154	2296	2297
1155	2298	2299
1156	2300	2301
1157	2302	2303
1158	2304	2305
1159	2306	2307
1160	2308	2309
1161	2310	2311
1162	2312	2313
1163	2314	2315
1164	2316	2317
1165	2318	2319
1166	2320	2321
1167	2322	2323
1168	2324	2325
1169	2326	2327
1170	2328	2329
1171	2330	2331
1172	2332	2333
1173	2334	2335
1174	2336	2337
1175	2338	2339
1176	2340	2341
1177	2342	2343
1178	2344	2345
1179	2346	2347
1180	2348	2349
1181	2350	2351
1182	2352	2353
1183	2354	2355
1184	2356	2357
1185	2358	2359
1186	2360	2361
1187	2362	2363
1188	2364	2365
1189	2366	2367
1190	2368	2369
1191	2370	2371
1192	2372	2373
1193	2374	2375
1194	2376	2377
1195	2378	2379
1196	2380	2381
1197	2382	2383
1198	2384	2385
1199	2386	2387
1200	2388	2389
1201	2390	2391
1202	2392	2393
1203	2394	2395
1204	2396	2397
1205	2398	2399
1206	2400	2401
1207	2402	2403
1208	2404	2405
1209	2406	2407
1210	2408	2409
1211	2410	2411
1212	2412	2413
1213	2414	2415
1214	2416	2417
1215	2418	2419
1216	2420	2421
1217	2422	2423
1218	2424	2425
1219	2426	2427
1220	2428	2429
1221	2430	2431
1222	2432	2433
1223	2434	2435
1224	2436	2437
1225	2438	2439
1226	2440	2441
1227	2442	2443
1228	2444	2445
1229	2446	2447
1230	2448	2449
1231	2450	2451
1232	2452	2453
1233	2454	2455
1234	2456	2457
1235	2458	2459
1236	2460	2461
1237	2462	2463
1238	2464	2465
1239	2466	2467
1240	2468	2469
1241	2470	2471
1242	2472	2473
1243	2474	2475
1244	2476	2477
1245	2478	2479
1246	2480	2481
1247	2482	2483
1248	2484	2485
1249	2486	2487
1250	2488	2489
1251	2490	2491
1252	2492	2493
1253	2494	2495
1254	2496	2497
1255	2498	2499
1256	2500	2501
1257	2502	2503
1258	2504	2505
1259	2506	2507
1260	2508	2509
1261	2510	2511
1262	2512	2513
1263	2514	2515
1264	2516	2517
1265	2518	2519
1266	2520	2521
1267	2522	2523
1268	2524	2525
1269	2526	2527
1270	2528	2529
1271	2530	2531
1272	2532	2533
1273	2534	2535
1274	2536	2537
1275	2538	2539
1276	2540	2541
1277	2542	2543
1278	2544	2545
1279	2546	2547
1280	2548	2549
1281	2550	2551
1282	2552	2553
1283	2554	2555
1284	2556	2557
1285	2558	2559
1286	2560	2561
1287	2562	2563
1288	2564	2565
1289	2566	2567
1290	2568	2569
1291	2570	2571
1292	2572	2573
1293	2574	2575
1294	2576	2577
1295	2578	2579
1296	2580	2581
1297	2582	2583
1298	2584	2585
1299	2586	2587
1300	2588	2589
1301	2590	2591
1302	2592	2593
1303	2594	2595
1304	2596	2597
1305	2598	2599
1306	2600	2601
1307	2602	2603
1308	2604	2605
1309	2606	2607
1310	2608	2609
1311	2610	2611
1312	2612	2613
1313	2614	2615
1314	2616	2617
1315	2618	2619
1316	2620	2621
1317	2622	2623
1318	2624	2625
1319	2626	2627
1320	2628	2629
1321	2630	2631
1322	2632	2633
1323	2634	2635
1324	2636	2637
1325	2638	2639
1326	2640	2641
1327	2642	2643
1328	2644	2645
1329	2646	2647
1330	2648	2649
1331	2650	2651
1332	2652	2653
1333	2654	2655
1334	2656	2657
1335	2658	2659
1336	2660	2661
1337	2662	2663
1338	2664	2665
1339	2666	2667
1340	2668	2669
1341	2670	2671
1342	2672	2673
1343	2674	2675
1344	2676	2677
1345	2678	2679
1346	2680	2681
1347	2682	2683
1348	2684	2685
1349	2686	2687
1350	2688	2689
1351	2690	2691
1352	2692	2693
1353	2694	2695
1354	2696	2697
1355	2698	2699
1356	2700	2701
1357	2702	2703
1358	2704	2705
1359	2706	2707
1360	2708	2709
1361	2710	2711
1362	2712	2713
1363	2714	2715
1364	2716	2717
1365	2718	2719
1366	2720	2721
1367	2722	2723
1368	2724	2725
1369	2726	2727
1370	2728	2729
1371	2730	2731
1372	2732	2733
1373	2734	2735
1374	2736	2737
1375	2738	2739
1376	2740	2741
1377	2742	2743
1378	2744	2745
1379	2746	2747
1380	2748	2749
1381	2750	2751
1382	2752	2753
1383	2754	2755
1384	2756	2757
1385	2758	2759
1386	2760	2761
1387	2762	2763
1388	2764	2765
1389	2766	2767
1390	2768	2769
1391	2770	2771
1392	2772	2773
1393	2774	2775
1394	2776	2777
1395	2778	2779
1396	2780	2781
1397	2782	2783
1398	2784	2785
1399	2786	2787
1400	2788	2789
1401	2790	2791
1402	2792	2793
1403	2794	2795
1404	2796	2797
1405	2798	2799
1406	2800	2801
1407	2802	2803
1408	2804	2805
1409	2806	2807
1410	2808	2809
1411	2810	2811
1412	2812	2813
1413	2814	2815
1414	2816	2817
1415	2818	2819
1416	2820	2821
1417	2822	2823
1418	2824	2825
1419	2826	2827
1420	2828	2829
1421	2830	2831
1422	2832	2833
1423	2834	2835
1424	2836	2837
1425	2838	2839
1426	2840	2841
1427	2842	2843
1428	2844	2845
1429	2846	2847
1430	2848	2849
1431	2850	2851
1432	2852	2853
1433	2854	2855
1434	2856	2857
1435	2858	2859
1436	2860	2861
1437	2862	2863
1438	2864	2865
1439	2866	2867
1440	2868	2869
1441	2870	2871
1442	2872	2873
1443	2874	2875
1444	2876	2877
1445	2878	2879
1446	2880	2881
1447	2882	2883
1448	2884	2885
1449	2886	2887
1450	2888	2889
1451	2890	2891
1452	2892	2893
1453	2894	2895
1454	2896	2897
1455	2898	2899
1456	2900	2901
1457	2902	2903
1458	2904	2905
1459	2906	2907
1460	2908	2909
1461	2910	2911
1462	2912	2913
1463	2914	2915
1464	2916	2917
1465	2918	2919
1466	2920	2921
1467	2922	2923
1468	2924	2925
1469	2926	2927
1470	2928	2929
1471	2930	2931
1472	2932	2933
1473	2934	2935
1474	2936	2937
1475	2938	2939
1476	2940	2941
1477	2942	2943
1478	2944	2945
1479	2946	2947
1480	2948	2949
1481	2950	2951
1482	2952	2953
1483	2954	2955
1484	2956	2957
1485	2958	2959
1486	2960	2961
1487	2962	2963
1488	2964	2965
1489	2966	2967
1490	2968	2969
1491	2970	2971
1492	2972	2973
1493	2974	2975
1494	2976	2977
1495	2978	2979
1496	2980	2981
1497	2982	2983
1498	2984	2985
1499	2986	2987
1500	2988	2989
1501	2990	2991
1502	2992	2993
1503	2994	2995
1504	2996	2997
1505	2998	2999
1506	3000	3001
1507	3002	3003
1508	3004	3005
1509	3006	3007
1510	3008	3009
1511	3010	3011
1512	3012	3013
1513	3014	3015
1514	3016	3017
1515	3018	3019
1516	3020	3021
1517	3022	3023
1518	3024	3025
1519	3026	3027
1520	3028	3029
1521	3030	3031
1522	3032	3033
1523	3034	3035
1524	3036	3037
1525	3038	3039
1526	3040	3041
1527	3042	3043
1528	3044	3045
1529	3046	3047
1530	3048	3049
1531	3050	3051
1532	3052	3053
1533	3054	3055
1534	3056	3057
1535	3058	3059
1536	3060	3061
1537	3062	3063
1538	3064	3065
1539	3066	3067
1540	3068	3069
1541	3070	3071
1542	3072	3073
1543	3074	3075
1544	3076	3077
1545	3078	3079
1546	3080	3081
1547	3082	3083
1548	3084	3085
1549	3086	3087
1550	3088	3089
1551	3090	3091
1552	3092	3093
1553	3094	3095
1554	3096	3097
1555	3098	3099
1556	3100	3101
1557	3102	3103
1558	3104	3105
1559	3106	3107
1560	3108	3109
1561	3110	3111
1562	3112	3113
1563	3114	3115
1564	3116	3117
1565	3118	3119
1566	3120	3121
1567	3122	3123
1568	3124	3125
1569	3126	3127
1570	3128	3129
1571	3130	3131
1572	3132	3133
1573	3134	3135
1574	3136	3137
1575	3138	3139
1576	3140	3141
1577	3142	3143
1578	3144	3145
1579	3146	3147
1580	3148	3149
1581	3150	3151
1582	3152	3153
1583	3154	3155
1584	3156	3157
1585	3158	3159
1586	3160	3161
1587	3162	3163
1588	3164	3165
1589	3166	3167
1590	3168	3169
1591	3170	3171
1592	3172	3173
1593	3174	3175
1594	3176	3177
1595	3178	3179
1596	3180	3181
1597	3182	3183
1598	3184	3185
1599	3186	3187
1600	3188	3189
1601	3190	3191
1602	3192	3193
1603	3194	3195
1604	3196	3197
1605	3198	3199
1606	3200	3201
1607	3202	3203
1608	3204	3205
1609	3206	3207
1610	3208	3209
1611	3210	3211
1612	3212	3213
1613	3214	3215
1614	3216	3217
1615	3218	3219
1616	3220	3221
1617	3222	3223
1618	3224	3225
1619	3226	3227
1620	3228	3229
1621	3230	3231
1622	3232	3233
1623	3234	3235
1624	3236	3237
1625	3238	3239
1626	3240	3241
1627	3242	3243
1628	3244	3245
1629	3246	3247
1630	3248	3249
1631	3250	3251
1632	3252	3253
1633	3254	3255
1634	3256	3257
1635	3258	3259
1636	3260	3261
1637	3262	3263
1638	3264	3265
1639	3266	3267
1640	3268	3269
1641	3270	3271
1642	3272	3273
1643	3274	3275
1644	3276	3277
1645	3278	3279
1646	3280	3281
1647	3282	3283
1648	3284	3285
1649	3286	3287
1650	3288	3289
1651	3290	3291
1652	3292	3293
1653	3294	3295
1654	3296	3297
1655	3298	3299
1656	3300	3301
1657	3302	3303
1658	3304	3305
1659	3306	3307
1660	3308	3309
1661	3310	3311
1662	3312	3313
1663	3314	3315
1664	3316	3317
1665	3318	3319
1666	3320	3321
1667	3322	3323
1668	3324	3325
1669	3326	3327
1670	3328	3329
1671	3330	3331
1672	3332	3333
1673	3334	3335
1674	3336	3337
1675	3338	3339
1676	3340	3341
1677	3342	3343
1678	3344	3345
1679	3346	3347
1680	3348	3349
1681	3350	3351
1682	3352	3353
1683	3354	3355
1684	3356	3357
1685	3358	3359
1686	3360	3361
1687	3362	3363
1688	3364	3365
1689	3366	3367
1690	3368	3369
1691	3370	3371
1692	3372	3373
1693	3374	3375
1694	3376	3377
1695	3378	3379
1696	3380	3381
1697	3382	3383
1698	3384	3385
1699	3386	3387
1700	3388	3389
1701	3390	3391
1702	3392	3393
1703	3394	3395
1704	3396	3397
1705	3398	3399
1706	3400	3401
1707	3402	3403
1708	3404	3405
1709	3406	3407
1710	3408	3409
1711	3410	3411
1712	3412	3413
1713	3414	3415
1714	3416	3417
1715	3418	3419
1716	3420	3421
1717	3422	3423
1718	3424	3425
1719	3426	3427
1720	3428	3429
1721	3430	3431
1722	3432	3433
1723	3434	3435
1724	3436	3437
1725	3438	3439
1726	3440	3441
1727	3442	3443
1728	3444	3445
1729	3446	3447
1730	3448	3449
1731	3450	3451
1732	3452	3453
1733	3454	3455
1734	3456	3457
1735	3458	3459
1736	3460	3461
1737	3462	3463
1738	3464	3465
1739	3466	3467
1740	3468	3469
1741	3470	3471
1742	3472	3473
1743	3474	3475
1744	3476	3477
1745	3478	3479
1746	3480	3481
1747	3482	3483
1748	3484	3485
1749	3486	3487
1750	3488	3489
1751	3490	3491
1752	3492	3493
1753	3494	3495
1754	3496	3497
1755	3498	3499
1756	3500	3501
1757	3502	3503
1758	3504	3505
1759	3506	3507
1760	3508	3509
1761	3510	3511
1762	3512	3513
1763	3514	3515
1764	3516	3517
1765	3518	3519
1766	3520	3521
1767	3522	3523
1768	3524	3525
1769	3526	3527
1770	3528	3529
1771	3530	3531
1772	3532	3533
1773	3534	3535
1774	3536	3537
1775	3538	3539
1776	3540	3541
1777	3542	3543
1778	3544	3545
1779	3546	3547
1780	3548	3549
1781	3550	3551
1782	3552	3553
1783	3554	3555
1784	3556	3557
1785	3558	3559
1786	3560	3561
1787	3562	3563
1788	3564	3565
1789	3566	3567
1790	3568	3569
1791	3570	3571
1792	3572	3573
1793	3574	3575
1794	3576	3577
1795	3578	3579
1796	3580	3581
1797	3582	3583
1798	3584	3585
1799	3586	3587
1800	3588	3589
1801	3590	3591
1802	3592	3593
1803	3594	3595
1804	3596	3597
1805	3598	3599
1806	3600	3601
1807	3602	3603
1808	3604	3605
1809	3606	3607
1810	3608	3609
1811	3610	3611
1812	3612	3613
1813	3614	3615
1814	3616	3617
1815	3618	3619
1816	3620	3621
1817	3622	3623
1818	3624	3625
1819	3626	3627
1820	3628	3629
1821	3630	3631
1822	3632	3633
1823	3634	3635
1824	3636	3637
1825	3638	3639
1826	3640	3641
1827	3642	3643
1828	3644	3645
1829	3646	3647
1830	3648	3649
1831	3650	3651
1832	3652	3653
1833	3654	3655
1834	3656	3657
1835	3658	3659
1836	3660	3661
1837	3662	3663
1838	3664	3665
1839	3666	3667
1840	3668	3669
1841	3670	3671
1842	3672	3673
1843	3674	3675
1844	3676	3677
1845	3678	3679
1846	3680	3681
1847	3682	3683
1848	3684	3685
1849	3686	3687
1850	3688	3689
1851	3690	3691
1852	3692	3693
1853	3694	3695
1854	3696	3697
1855	3698	3699
1856	3700	3701
1857	3702	3703
1858	3704	3705
1859	3706	3707
1860	3708	3709
1861	3710	3711
1862	3712	3713
1863	3714	3715
1864	3716	3717
1865	3718	3719
1866	3720	3721
1867	3722	3723
1868	3724	3725
1869	3726	3727
1870	3728	3729
1871	3730	3731
1872	3732	3733
1873	3734	3735
1874	3736	3737
1875	3738	3739
1876	3740	3741
1877	3742	3743
1878	3744	3745
1879	3746	3747
1880	3748	3749
1881	3750	3751
1882	3752	3753
1883	3754	3755
1884	3756	3757
1885	3758	3759
1886	3760	3761
1887	3762	3763
1888	3764	3765
1889	3766	3767
1890	3768	3769
1891	3770	3771
1892	3772	3773
1893	3774	3775
1894	3776	3777
1895	3778	3779
1896	3780	3781
1897	3782	3783
1898	3784	3785
1899	3786	3787
1900	3788	3789
1901	3790	3791
1902	3792	3793
1903	3794	3795
1904	3796	3797
1905	3798	3799
1906	3800	3801
1907	3802	3803
1908	3804	3805
1909	3806	3807
1910	3808	3809
1911	3810	3811
1912	3812	3813
1913	3814	3815
1914	3816	3817
1915	3818	3819
1916	3820	3821
1917	3822	3823
1918	3824	3825
1919	3826	3827
1920	3828	3829
1921	3830	3831
1922	3832	3833
1923	3834	3835
1924	3836	3837
1925	3838	3839
1926	3840	3841
1927	3842	3843
1928	3844	3845
1929	3846	3847
1930	3848	3849
1931	3850	3851
1932	3852	3853
1933	3854	3855
1934	3856	3857
1935	3858	3859
1936	3860	3861
1937	3862	3863
1938	3864	3865
1939	3866	3867
1940	3868	3869
1941	3870	3871
1942	3872	3873
1943	3874	3875
1944	3876	3877
1945	3878	3879
1946	3880	3881
1947	3882	3883
1948	3884	3885
1949	3886	3887
1950	3888	3889
1951	3890	3891
1952	3892	3893
1953	3894	3895
1954	3896	3897
1955	3898	3899
1956	3900	3901
1957	3902	3903
1958	3904	3905
1959	3906	3907
1960	3908	3909
1961	3910	3911
1962	3912	3913
1963	3914	3915
1964	3916	3917
1965	3918	3919
1966	3920	3921
1967	3922	3923
1968	3924	3925
1969	3926	3927
1970	3928	3929
1971	3930	3931
1972	3932	3933
1973	3934	3935
1974	3936	3937
1975	3938	3939
1976	3940	3941
1977	3942	3943
1978	3944	3945
1979	3946	3947
1980	3948	3949
1981	3950	3951
1982	3952	3953
1983	3954	3955
1984	3956	3957
1985	3958	3959
1986	3960	3961
1987	3962	3963
1988	3964	3965
1989	3966	3967
1990	3968	3969
1991	3970	3971
1992	3972	3973
1993	3974	3975
1994	3976	3977
1995	3978	3979
1996	3980	3981
1997	3982	3983
1998	3984	3985
1999	3986	3987
2000	3988	3989
2001	3990	3991
2002	3992	3993
2003	3994	3995
2004	3996	3997
2005	3998	3999
2006	4000	4001
2007	4002	4003
2008	4004	4005
2009	4006	4007
2010	4008	4009
2011	4010	4011
2012	4012	4013
2013	4014	4015
2014	4016	4017
2015	4018	4019
2016	4020	4021
2017	4022	4023
2018	4024	4025
2019	4026	4027
2020	4028	4029
2021	4030	4031
2022	4032	4033
2023	4034	4035
2024	4036	4037
2025	4038	4039
2026	4040	4041
2027	4042	4043
2028	4044	4045
2029	4046	4047
2030	4048	4049
2031	4050	4051
2032	4052	4053
2033	4054	4055
2034	4056	4057
2035	4058	4059
2036	4060	4061
2037	4062	4063
2038	4064	4065
2039	4066	4067
2040	4068	4069
2041	4070	4071
2042	4072	4073
2043	4074	4075
2044	4076	4077
2045	4078	4079
2046	4080	4081
2047	4082	4083
2048	4084	4085
2049	4086	4087
2050	4088	4089
2051	4090	4091
2052	4092	4093
2053	4094	4095
2054	4096	4097
2055	4098	4099
2056	4100	4101
2057	4102	4103
2058	4104	4105
2059	4106	4107
2060	4108	4109
2061	4110	4111
2062	4112	4113
2063	4114	4115
2064	4116	4117
2065	4118	4119
2066	4120	4121
2067	4122	4123
2068	4124	4125
2069	4126	4127
2070	4128	4129
2071	4130	4131
2072	4132	4133
2073	4134	4135
2074	4136	4137
2075	4138	4139
2076	4140	4141
2077	4142	4143
2078	4144	4145
2079	4146	4147
2080	4148	4149
2081	4150	4151
2082	4152	4153
2083	4154	4155
2084	4156	4157
2085	4158	4159
2086	4160	4161
2087	4162	4163
2088	4164	4165
2089	4166	4167
2090	4168	4169
2091	4170	4171
2092	4172	4173
2093	4174	4175
2094	4176	4177
2095	4178	4179
2096	4180	4181
2097	4182	4183
2098	4184	4185
2099	4186	4187
2100	4188	4189
2101	4190	4191
2102	4192	4193
2103	4194	4195
2104	4196	4197
2105	4198	4199
2106	4200	4201
2107	4202	4203
2108	4204	4205
2109	4206	4207
2110	4208	4209
2111	4210	4211
2112	4212	4213
2113	4214	4215
2114	4216	4217
2115	4218	4219
2116	4220	4221
2117	4222	4223
2118	4224	4225
2119	4226	4227
2120	4228	4229
2121	4230	4231
2122	4232	4233
2123	4234	4235
2124	4236	4237
2125	4238	4239
2126	4240	4241
2127	4242	4243
2128	4244	4245
2129	4246	4247
2130	4248	4249
2131	4250	4251
2132	4252	4253
2133	4254	4255
2134	4256	4257
2135	4258	4259
2136	4260	4261
2137	4262	4263
2138	4264	4265
2139	4266	4267
2140	4268	4269
2141	4270	4271
2142	4272	4273
2143	4274	4275
2144	4276	4277
2145	4278	4279
2146	4280	4281
2147	4282	4283
2148	4284	4285
2149	4286	4287
2150	4288	4289
2151	4290	4291
2152	4292	4293
2153	4294	4295
2154	4296	4297
2155	4298	4299
2156	4300	4301
2157	4302	4303
2158	4304	4305
2159	4306	4307
2160	4308	4309
2161	4310	4311
2162	4312	4313
2163	4314	4315
2164	4316	4317
2165	4318	4319
2166	4320	4321
2167	4322	4323
2168	4324	4325
2169	4326	4327
2170	4328	4329
2171	4330	4331
2172	4332	4333
2173	4334	4335
2174	4336	4337
2175	4338	4339
2176	4340	4341
2177	4342	4343
2178	4344	4345
2179	4346	4347
2180	4348	4349
2181	4350	4351
2182	4352	4353
2183	4354	4355
2184	4356	4357
2185	4358	4359
2186	4360	4361
2187	4362	4363
2188	4364	4365
2189	4366	4367
2190	4368	4369
2191	4370	4371
2192	4372	4373
2193	4374	4375
2194	4376	4377
2195	4378	4379
2196	4380	4381
2197	4382	4383
2198	4384	4385
2199	4386	4387
2200	4388	4389
2201	4390	4391
2202	4392	4393
2203	4394	4395
2204	4396	4397
2205	4398	4399
2206	4400	4401
2207	4402	4403
2208	4404	4405
2209	4406	4407
2210	4408	4409
2211	4410	4411
2212	4412	4413
2213	4414	4415
2214	4416	4417
2215	4418	4419
2216	4420	4421
2217	4422	4423
2218	4424	4425
2219	4426	4427
2220	4428	4429
2221	4430	4431
2222	4432	4433
2223	4434	4435
2224	4436	4437
2225	4438	4439
2226	4440	4441
2227	4442	4443
2228	4444	4445
2229	4446	4447
2230	4448	4449
2231	4450	4451
2232	4452	4453
2233	4454	4455
2234	4456	4457
2235	4458	4459
2236	4460	4461
2237	4462	4463
2238	4464	4465
2239	4466	4467
2240	4468	4469
2241	4470	4471
2242	4472	4473
2243	4474	4475
2244	4476	4477
2245	4478	4479
2246	4480	4481
2247	4482	4483
2248	4484	4485
2249	4486	4487
2250	4488	4489
2251	4490	4491
2252	4492	4493
2253	4494	4495
2254	4496	4497
2255	4498	4499
2256	4500	4501
2257	4502	4503
2258	4504	4505
2259	4506	4507
2260	4508	4509
2261	4510	4511
2262	4512	4513
2263	4514	4515
2264	4516	4517
2265	4518	4519
2266	4520	4521
2267	4522	4523
2268	4524	4525
2269	4526	4527
2270	4528	4529
2271	4530	4531
2272	4532	4533
2273	4534	4535
2274	4536	4537
2275	4538	4539
2276	4540	4541
2277	4542	4543
2278	4544	4545
2279	4546	4547
2280	4548	4549
2281	4550	4551
2282	4552	4553
2283	4554	4555
2284	4556	4557
2285	4558	4559
2286	4560	4561
2287	4562	4563
2288	4564	4565
2289	4566	4567
2290	4568	4569
2291	4570	4571
2292	4572	4573
2293	4574	4575
2294	4576	4577
2295	4578	4579
2296	4580	4581
2297	4582	4583
2298	4584	4585
2299	4586	4587
2300	4588	4589
2301	4590	4591
2302	4592	4593
2303	4594	4595
2304	4596	4597
2305	4598	4599
2306	4600	4601
2307	4602	4603
2308	4604	4605
2309	4606	4607
2310	4608	4609
2311	4610	4611
2312	4612	4613
2313	4614	4615
2314	4616	4617
2315	4618	4619
2316	4620	4621
2317	4622	4623
2318	4624	4625
2319	4626	4627
2320	4628	4629
2321	4630	4631
2322	4632	4633
2323	4634	4635
2324	4636	4637
2325	4638	4639
2326	4640	4641
2327	4642	4643
2328	4644	4645
2329	4646	4647
2330	4648	4649
2331	4650	4651
2332	4652	4653
2333	4654	4655
2334	4656	4657
2335	4658	4659
2336	4660	4661
2337	4662	4663
2338	4664	4665
2339	4666	4667
2340	4668	4669
2341	4670	4671
2342	4672	4673
2343	4674	4675
2344	4676	4677
2345	4678	4679
2346	4680	4681
2347	4682	4683
2348	4684	4685
2349	4686	4687
2350	4688	4689
2351	4690	4691
2352	4692	4693
2353	4694	4695
2354	4696	4697
2355	4698	4699
2356	4700	4701
2357	4702	4703
2358	4704	4705
2359	4706	4707
2360	4708	4709
2361	4710	4711
2362	4712	4713
2363	4714	4715
2364	4716	4717
2365	4718	4719
2366	4720	4721
2367	4722	4723
2368	4724	4725
2369	4726	4727
2370	4728	4729
2371	4730	4731
2372	4732	4733
2373	4734	4735
2374	4736	4737
2375	4738	4739
2376	4740	4741
2377	4742	4743
2378	4744	4745
2379	4746	4747
2380	4748	4749
2381	4750	4751
2382	4752	4753
2383	4754	4755
2384	4756	4757
2385	4758	4759
2386	4760	4761
2387	4762	4763
2388	4764	4765
2389	4766	4767
2390	4768	4769
2391	4770	4771
2392	4772	4773
2393	4774	4775
2394	4776	4777
2395	4778	4779
2396	4780	4781
2397	4782	4783
2398	4784	4785
2399	4786	4787
2400	4788	4789
2401	4790	4791
2402	4792	4793
2403	4794	4795
2404	4796	4797
2405	4798	4799
2406	4800	4801
2407	4802	4803
2408	4804	4805
2409	4806	4807
2410	4808	4809
2411	4810	4811
2412	4812	4813
2413	4814	4815
2414	4816	4817
2415	4818	4819
2416	4820	4821
2417	4822	4823
2418	4824	4825
2419	4826	4827
2420	4828	4829
2421	4830	4831
2422	4832	4833
2423	4834	4835
2424	4836	4837
2425	4838	4839
2426	4840	4841
2427	4842	4843
2428	4844	4845
2429	4846	4847
2430	4848	4849
2431	4850	4851
2432	4852	4853
2433	4854	4855
2434	4856	4857
2435	4858	4859
2436	4860	4861
2437	4862	4863
2438	4864	4865
2439	4866	4867
2440	4868	4869
2441	4870	4871
2442	4872	4873
2443	4874	4875
2444	4876	4877
2445	4878	4879
2446	4880	4881
2447	4882	4883
2448	4884	4885
2449	4886	4887
2450	4888	4889
2451	4890	4891
2452	4892	4893
2453	4894	4895
2454	4896	4897
2455	4898	4899
2456	4900	4901
2457	4902	4903
2458	4904	4905
2459	4906	4907
2460	4908	4909
2461	4910	4911
2462	4912	4913
2463	4914	4915
2464	4916	4917
2465	4918	4919
2466	4920	4921
2467	4922	4923
2468	4924	4925
2469	4926	4927
2470	4928	4929
2471	4930	4931
2472	4932	4933
2473	4934	4935
2474	4936	4937
2475	4938	4939
2476	4940	4941
2477	4942	4943
2478	4944	4945
2479	4946	4947
2480	4948	4949
2481	4950	4951
2482	4952	4953
2483	4954	4955
2484	4956	4957
2485	4958	4959
2486	4960	4961
2487	4962	4963
2488	4964	4965
2489	4966	4967
2490	4968	4969
2491	4970	4971
2492	4972	4973
2493	4974	4975
2494	4976	4977
2495	4978	4979
2496	4980	4981
2497	4982	4983
2498	4984	4985
2499	4986	4987
2500	4988	4989
2501	4990	4991
2502	4992	4993
2503	4994	4995
2504	4996	4997
2505	4998	4999
2506	5000	5001
2507	5002	5003
2508	5004	5005
2509	5006	5007
2510	5008	5009
2511	5010	5011
2512	5012	5013
2513	5014	5015
2514	5016	5017
2515	5018	5019
2516	5020	5021
2517	5022	5023
2518	5024	5025
2519	5026	5027
2520	5028	5029
2521	5030	5031
2522	5032	5033
2523	5034	5035
2524	5036	5037
2525	5038	5039
2526	5040	5041
2527	5042	5043
2528	5044	5045
2529	5046	5047
2530	5048	5049
2531	5050	5051
2532	5052	5053
2533	5054	5055
2534	5056	5057
2535	5058	5059
2536	5060	5061
2537	5062	5063
2538	5064	5065
2539	5066	5067
2540	5068	5069
2541	5070	5071
2542	5072	5073
2543	5074	5075
2544	5076	5077
2545	5078	5079
2546	5080	5081
2547	5082	5083
2548	5084	5085
2549	5086	5087
2550	5088	5089
2551	5090	5091
2552	5092	5093
2553	5094	5095
2554	5096	5097
2555	5098	5099
2556	5100	5101
2557	5102	5103
2558	5104	5105
2559	5106	5107
2560	5108	5109
2561	5110	5111
2562	5112	5113
2563	5114	5115
2564	5116	5117
2565	5118	5119
2566	5120	5121
2567	5122	5123
2568	5124	5125
2569	5126	5127
2570	5128	5129
2571	5130	5131
2572	5132	5133
2573	5134	5135
2574	5136	5137
2575	5138	5139
2576	5140	5141
2577	5142	5143
2578	5144	5145
2579	5146	5147
2580	5148	5149
2581	5150	5151
2582	5152	5153
2583	5154	5155
2584	5156	5157
2585	5158	5159
2586	5160	5161
2587	5162	5163
2588	5164	5165
2589	5166	5167
2590	5168	5169
2591	5170	5171
2592	5172	5173
2593	5174	5175
2594	5176	5177
2595	5178	5179
2596	5180	5181
2597	5182	5183
2598	5184	5185
2599	5186	5187
2600	5188	5189
2601	5190	5191
2602	5192	5193
2603	5194	5195
2604	5196	5197
2605	5198	5199
2606	5200	5201
2607	5202	5203
2608	5204	5205
2609	5206	5207
2610	5208	5209
2611	5210	5211
2612	5212	5213
2613	5214	5215
2614	5216	5217
2615	5218	5219
2616	5220	5221
2617	5222	5223
2618	5224	5225
2619	5226	5227
2620	5228	5229
2621	5230	5231
2622	5232	5233
2623	5234	5235
2624	5236	5237
2625	5238	5239
2626	5240	5241
2627	5242	5243
2628	5244	5245
2629	5246	5247
2630	5248	5249
2631	5250	5251
2632	5252	5253
2633	5254	5255
2634	5256	5257
2635	5258	5259
2636	5260	5261
2637	5262	5263
2638	5264	5265
2639	5266	5267
2640	5268	5269
2641	5270	5271
2642	5272	5273
2643	5274	5275
2644	5276	5277
2645	5278	5279
2646	5280	5281
2647	5282	5283
2648	5284	5285
2649	5286	5287
2650	5288	5289
2651	5290	5291
2652	5292	5293
2653	5294	5295
2654	5296	5297
2655	5298	5299
2656	5300	5301
2657	5302	5303
2658	5304	5305
2659	5306	5307
2660	5308	5309
2661	5310	5311
2662	5312	5313
2663	5314	5315
2664	5316	5317
2665	5318	5319
2666	5320	5321
2667	5322	5323
2668	5324	5325
2669	5326	5327
2670	5328	5329
2671	5330	5331
2672	5332	5333
2673	5334	5335
2674	5336	5337
2675	5338	5339
2676	5340	5341
2677	5342	5343
2678	5344	5345
2679	5346	5347
2680	5348	5349
2681	5350	5351
2682	5352	5353
2683	5354	5355
2684	5356	5357
2685	5358	5359
2686	5360	5361
2687	5362	5363
2688	5364	5365
2689	5366	5367
2690	5368	5369
2691	5370	5371
2692	5372	5373
2693	5374	5375
2694	5376	5377
2695	5378	5379
2696	5380	5381
2697	5382	5383
2698	5384	5385
2699	5386	5387
2700	5388	5389
2701	5390	5391
2702	5392	5393
2703	5394	5395
2704	5396	5397
2705	5398	5399
2706	5400	5401
2707	5402	5403
2708	5404	5405
2709	5406	5407
2710	5408	5409
2711	5410	5411
2712	5412	5413
2713	5414	5415
2714	5416	5417
2715	5418	5419
2716	5420	5421
2717	5422	5423
2718	5424	5425
2719	5426	5427
2720	5428	5429
2721	5430	5431
2722	5432	5433
2723	5434	5435
2724	5436	5437
2725	5438	5439
2726	5440	5441
2727	5442	5443
2728	5444	5445
2729	5446	5447
2730	5448	5449
2731	5450	5451
2732	5452	5453
2733	5454	5455
2734	5456	5457
2735	5458	5459
2736	5460	5461
2737	5462	5463
2738	5464	5465
2739	5466	5467
2740	5468	5469
2741	5470	5471
2742	5472	5473
2743	5474	5475
2744	5476	5477
2745	5478	5479
2746	5480	5481
2747	5482	5483
2748	5484	5485
2749	5486	5487
2750	5488	5489
2751	5490	5491
2752	5492	5493
2753	5494	5495
2754	5496	5497
2755	5498	5499
2756	5500	5501
2757	5502	5503
2758	5504	5505
2759	5506	5507
2760	5508	5509
2761	5510	5511
2762	5512	5513
2763	5514	5515
2764	5516	5517
2765	5518	5519
2766	5520	5521
2767	5522	5523
2768	5524	5525
2769	5526	5527
2770	5528	5529
2771	5530	5531
2772	5532	5533
2773	5534	5535
2774	5536	5537
2775	5538	5539
2776	5540	5541
2777	5542	5543
2778	5544	5545
2779	5546	5547
2780	5548	5549
2781	5550	5551
2782	5552	5553
2783	5554	5555
2784	5556	5557
2785	5558	5559
2786	5560	5561
2787	5562	5563
2788	5564	5565
2789	5566	5567
2790	5568	5569
2791	5570	5571
2792	5572	5573
2793	5574	5575
2794	5576	5577
2795	5578	5579
2796	5580	5581
2797	5582	5583
2798	5584	5585
2799	5586	5587
2800	5588	5589
2801	5590	5591
2802	5592	5593
2803	5594	5595
2804	5596	5597
2805	5598	5599
2806	5600	5601
2807	5602	5603
2808	5604	5605
2809	5606	5607
2810	5608	5609
2811	5610	5611
2812	5612	5613
2813	5614	5615
2814	5616	5617
2815	5618	5619
2816	5620	5621
2817	5622	5623
2818	5624	5625
2819	5626	5627
2820	5628	5629
2821	5630	5631
2822	5632	5633
2823	5634	5635
2824	5636	5637
2825	5638	5639
2826	5640	5641
2827	5642	5643
2828	5644	5645
2829	5646	5647
2830	5648	5649
2831	5650	5651
2832	5652	5653
2833	5654	5655
2834	5656	5657
2835	5658	5659
2836	5660	5661
2837	5662	5663
2838	5664	5665
2839	5666	5667
2840	5668	5669
2841	5670	5671
2842	5672	5673
2843	5674	5675
2844	5676	5677
2845	5678	5679
2846	5680	5681
2847	5682	5683
2848	5684	5685
2849	5686	5687
2850	5688	5689
2851	5690	5691
2852	5692	5693
2853	5694	5695
2854	5696	5697
2855	5698	5699
2856	5700	5701
2857	5702	5703
2858	5704	5705
2859	5706	5707
2860	5708	5709
2861	5710	5711
2862	5712	5713
2863	5714	5715
2864	5716	5717
2865	5718	5719
2866	5720	5721
2867	5722	5723
2868	5724	5725
2869	5726	5727
2870	5728	5729
2871	5730	5731
2872	5732	5733
2873	5734	5735
2874	5736	5737
2875	5738	5739
2876	5740	5741
2877	5742	5743
2878	5744	5745
2879	5746	5747
2880	5748	5749
2881	5750	5751
2882	5752	5753
2883	5754	5755
2884	5756	5757
2885	5758	5759
2886	5760	5761
2887	5762	5763
2888	5764	5765
2889	5766	5767
2890	5768	5769
2891	5770	5771
2892	5772	5773
2893	5774	5775
2894	5776	5777
2895	5778	5779
2896	5780	5781
2897	5782	5783
2898	5784	5785
2899	5786	5787
2900	5788	5789
2901	5790	5791
2902	5792	5793
2903	5794	5795
2904	5796	5797
2905	5798	5799
2906	5800	5801
2907	5802	5803
2908	5804	5805
2909	5806	5807
2910	5808	5809
2911	5810	5811
2912	5812	5813
2913	5814	5815
2914	5816	5817
2915	5818	5819
2916	5820	5821
2917	5822	5823
2918	5824	5825
2919	5826	5827
2920	5828	5829
2921	5830	5831
2922	5832	5833
2923	5834	5835
2924	5836	5837
2925	5838	5839
2926	5840	5841
2927	5842	5843
2928	5844	5845
2929	5846	5847
2930	5848	5849
2931	5850	5851
2932	5852	5853
2933	5854	5855
2934	5856	5857
2935	5858	5859
2936	5860	5861
2937	5862	5863
2938	5864	5865
2939	5866	5867
2940	5868	5869
2941	5870	5871
2942	5872	5873
2943	5874	5875
2944	5876	5877
2945	5878	5879
2946	5880	5881
2947	5882	5883
2948	5884	5885
2949	5886	5887
2950	5888	5889
2951	5890	5891
2952	5892	5893
2953	5894	5895
2954	5896	5897
2955	5898	5899
2956	5900	5901
2957	5902	5903
2958	5904	5905
2959	5906	5907
2960	5908	5909
2961	5910	5911
2962	5912	5913
2963	5914	5915
2964	5916	5917
2965	5918	5919
2966	5920	5921
2967	5922	5923
2968	5924	5925
2969	5926	5927
2970	5928	5929
2971	5930	5931
2972	5932	5933
2973	5934	5935
2974	5936	5937
2975	5938	5939
2976	5940	5941
2977	5942	5943
2978	5944	5945
2979	5946	5947
2980	5948	5949
2981	5950	5951
2982	5952	5953
2983	5954	5955
2984	5956	5957
2985	5958	5959
2986	5960	5961
2987	5962	5963
2988	5964	5965
2989	5966	5967
2990	5968	5969
2991	5970	5971
2992	5972	5973
2993	5974	5975
2994	5976	5977
2995	5978	5979
2996	5980	5981
2997	5982	5983
2998	5984	5985
2999	5986	5987
3000	5988	5989
3001	5990	5991
3002	5992	5993
3003	5994	5995
3004	5996	5997
3005	5998	5999
3006	6000	6001
3007	6002	6003
3008	6004	6005
3009	6006	6007
3010	6008	6009
3011	6010	6011
3012	6012	6013
3013	6014	6015
3014	6016	6017
3015	6018	6019
3016	6020	6021
3017	6022	6023
3018	6024	6025
3019	6026	6027
3020	6028	6029
3021	6030	6031
3022	6032	6033
3023	6034	6035
3024	6036	6037
3025	6038	6039
3026	6040	6041
3027	6042	6043
3028	6044	6045
3029	6046	6047
3030	6048	6049
3031	6050	6051
3032	6052	6053
3033	6054	6055
3034	6056	6057
3035	6058	6059
3036	6060	6061
3037	6062	6063
3038	6064	6065
3039	6066	6067
3040	6068	6069
3041	6070	6071
3042	6072	6073
3043	6074	6075
3044	6076	6077
3045	6078	6079
3046	6080	6081
3047	6082	6083
3048	6084	6085
3049	6086	6087
3050	6088	6089
3051	6090	6091
3052	6092	6093
3053	6094	6095
3054	6096	6097
3055	6098	6099
3056	6100	6101
3057	6102	6103
3058	6104	6105
3059	6106	6107
3060	6108	6109
3061	6110	6111
3062	6112	6113
3063	6114	6115
3064	6116	6117
3065	6118	6119
3066	6120	6121
3067	6122	6123
3068	6124	6125
3069	6126	6127
3070	6128	6129
3071	6130	6131
3072	6132	6133
3073	6134	6135
3074	6136	6137
3075	6138	6139
3076	6140	6141
3077	6142	6143
3078	6144	6145
3079	6146	6147
3080	6148	6149
3081	6150	6151
3082	6152	6153
3083	6154	6155
3084	6156	6157
3085	6158	6159
3086	6160	6161
3087	6162	6163
3088	6164	6165
3089	6166	6167
3090	6168	6169
3091	6170	6171
3092	6172	6173
3093	6174	6175
3094	6176	6177
3095	6178	6179
3096	6180	6181
3097	6182	6183
3098	6184	6185
3099	6186	6187
3100	6188	6189
3101	6190	6191
3102	6192	6193
3103	6194	6195
3104	6196	6197
3105	6198	6199
3106	6200	6201
3107	6202	6203
3108	6204	6205
3109	6206	6207
3110	6208	6209
3111	6210	6211
3112	6212	6213
3113	6214	6215
3114	6216	6217
3115	6218	6219
3116	6220	6221
3117	6222	6223
3118	6224	6225
3119	6226	6227
3120	6228	6229
3121	6230	6231
3122	6232	6233
3123	6234	6235
3124	6236	6237
3125	6238	6239
3126	6240	6241
3127	6242	6243
3128	6244	6245
3129	6246	6247
3130	6248	6249
3131	6250	6251
3132	6252	6253
3133	6254	6255
3134	6256	6257
3135	6258	6259
3136	6260	6261
3137	6262	6263
3138	6264	6265
3139	6266	6267
3140	6268	6269
3141	6270	6271
3142	6272	6273
3143	6274	6275
3144	6276	6277
3145	6278	6279
3146	6280	6281
3147	6282	6283
3148	6284	6285
3149	6286	6287
3150	6288	6289
3151	6290	6291
3152	6292	6293
3153	6294	6295
3154	6296	6297
3155	6298	6299
3156	6300	6301
3157	6302	6303
3158	6304	6305
3159	6306	6307
3160	6308	6309
3161	6310	6311
3162	6312	6313
3163	6314	6315
3164	6316	6317
3165	6318	6319
3166	6320	6321
3167	6322	6323
3168	6324	6325
3169	6326	6327
3170	6328	6329
3171	6330	6331
3172	6332	6333
3173	6334	6335
3174	6336	6337
3175	6338	6339
3176	6340	6341
3177	6342	6343
3178	6344	6345
3179	6346	6347
3180	6348	6349
3181	6350	6351
3182	6352	6353
3183	6354	6355
3184	6356	6357
3185	6358	6359
3186	6360	6361
3187	6362	6363
3188	6364	6365
3189	6366	6367
3190	6368	6369
3191	6370	6371
3192	6372	6373
3193	6374	6375
3194	6376	6377
3195	6378	6379
3196	6380	6381
3197	6382	6383
3198	6384	6385
3199	6386	6387
3200	6388	6389
3201	6390	6391
3202	6392	6393
3203	6394	6395
3204	6396	6397
3205	6398	6399
3206	6400	6401
3207	6402	6403
3208	6404	6405
3209	6406	6407
3210	6408	6409
3211	6410	6411
3212	6412	6413
3213	6414	6415
3214	6416	6417
3215	6418	6419
3216	6420	6421
3217	6422	6423
3218	6424	6425
3219	6426	6427
3220	6428	6429
3221	6430	6431
3222	6432	6433
3223	6434	6435
3224	6436	6437
3225	6438	6439
3226	6440	6441
3227	6442	6443
3228	6444	6445
3229	6446	6447
3230	6448	6449
3231	6450	6451
3232	6452	6453
3233	6454	6455
3234	6456	6457
3235	6458	6459
3236	6460	6461
3237	6462	6463
3238	6464	6465
3239	6466	6467
3240	6468	6469
3241	6470	6471
3242	6472	6473
3243	6474	6475
3244	6476	6477
3245	6478	6479
3246	6480	6481
3247	6482	6483
3248	6484	6485
3249	6486	6487
3250	6488	6489
3251	6490	6491
3252	6492	6493
3253	6494	6495
3254	6496	6497
3255	6498	6499
3256	6500	6501
3257	6502	6503
3258	6504	6505
3259	6506	6507
3260	6508	6509
3261	6510	6511
3262	6512	6513
3263	6514	6515
3264	6516	6517
3265	6518	6519
3266	6520	6521
3267	6522	6523
3268	6524	6525
3269	6526	6527
3270	6528	6529
3271	6530	6531
3272	6532	6533
3273	6534	6535
3274	6536	6537
3275	6538	6539
3276	6540	6541
3277	6542	6543
3278	6544	6545
3279	6546	6547
3280	6548	6549
3281	6550	6551
3282	6552	6553
3283	6554	6555
3284	6556	6557
3285	6558	6559
3286	6560	6561
3287	6562	6563
3288	6564	6565
3289	6566	6567
3290	6568	6569
3291	6570	6571
3292	6572	6573
3293	6574	6575
3294	6576	6577
3295	6578	6579
3296	6580	6581
3297	6582	6583
3298	6584	6585
3299	6586	6587
3300	6588	6589
3301	6590	6591
3302	6592	6593
3303	6594	6595
3304	6596	6597
3305	6598	6599
3306	6600	6601
3307	6602	6603
3308	6604	6605
3309	6606	6607
3310	6608	6609
3311	6610	6611
3312	6612	6613
3313	6614	6615
3314	6616	6617
3315	6618	6619
3316	6620	6621
3317	6622	6623
3318	6624	6625
3319	6626	6627
3320	6628	6629
3321	6630	6631
3322	6632	6633
3323	6634	6635
3324	6636	6637
3325	6638	6639
3326	6640	6641
3327	6642	6643
3328	6644	6645
3329	6646	6647
3330	6648	6649
3331	6650	6651
3332	6652	6653
3333	6654	6655
3334	6656	6657
3335	6658	6659
3336	6660	6661
3337	6662	6663
3338	6664	6665
3339	6666	6667
3340	6668	6669
3341	6670	6671
3342	6672	6673
3343	6674	6675
3344	6676	6677
3345	6678	6679
3346	6680	6681
3347	6682	6683
3348	6684	6685
3349	6686	6687
3350	6688	6689
3351	6690	6691
3352	6692	6693
3353	6694	6695
3354	6696	6697
3355	6698	6699
3356	6700	6701
3357	6702	6703
3358	6704	6705
3359	6706	6707
3360	6708	6709
3361	6710	6711
3362	6712	6713
3363	6714	6715
3364	6716	6717
3365	6718	6719
3366	6720	6721
3367	6722	6723
3368	6724	6725
3369	6726	6727
3370	6728	6729
3371	6730	6731
3372	6732	6733
3373	6734	6735
3374	6736	6737
3375	6738	6739
3376	6740	6741
3377	6742	6743
3378	6744	6745
3379	6746	6747
3380	6748	6749
3381	6750	6751
3382	6752	6753
3383	6754	6755
3384	6756	6757
3385	6758	6759
3386	6760	6761
3387	6762	6763
3388	6764	6765
3389	6766	6767
3390	6768	6769
3391	6770	6771
3392	6772	6773
3393	6774	6775
3394	6776	6777
3395	6778	6779
3396	6780	6781
3397	6782	6783
3398	6784	6785
3399	6786	6787
3400	6788	6789
3401	6790	6791
3402	6792	6793
3403	6794	6795
3404	6796	6797
3405	6798	6799
3406	6800	6801
3407	6802	6803
3408	6804	6805
3409	6806	6807
3410	6808	6809
3411	6810	6811
3412	6812	6813
3413	6814	6815
3414	6816	6817
3415	6818	6819
3416	6820	6821
3417	6822	6823
3418	6824	6825
3419	6826	6827
3420	6828	6829
3421	6830	6831
3422	6832	6833
3423	6834	6835
3424	6836	6837
3425	6838	6839
3426	6840	6841
3427	6842	6843
3428	6844	6845
3429	6846	6847
3430	6848	6849
3431	6850	6851
3432	6852	6853
3433	6854	6855
3434	6856	6857
3435	6858	6859
3436	6860	6861
3437	6862	6863
3438	6864	6865
3439	6866	6867
3440	6868	6869
3441	6870	6871
3442	6872	6873
3443	6874	6875
3444	6876	6877
3445	6878	6879
3446	6880	6881
3447	6882	6883
3448	6884	6885
3449	6886	6887
3450	6888	6889
3451	6890	6891
3452	6892	6893
3453	6894	6895
3454	6896	6897
3455	6898	6899
3456	6900	6901
3457	6902	6903
3458	6904	6905
3459	6906	6907
3460	6908	6909
3461	6910	6911
3462	6912	6913
3463	6914	6915
3464	6916	6917
3465	6918	6919
3466	6920	6921
3467	6922	6923
3468	6924	6925
3469	6926	6927
3470	6928	6929
3471	6930	6931
3472	6932	6933
3473	6934	6935
3474	6936	6937
3475	6938	6939
3476	6940	6941
3477	6942	6943
3478	6944	6945
3479	6946	6947
3480	6948	6949
3481	6950	6951
3482	6952	6953
3483	6954	6955
3484	6956	6957
3485	6958	6959
3486	6960	6961
3487	6962	6963
3488	6964	6965
3489	6966	6967
3490	6968	6969
3491	6970	6971
3492	6972	6973
3493	6974	6975
3494	6976	6977
3495	6978	6979
3496	6980	6981
3497	6982	6983
3498	6984	6985
3499	6986	6987
3500	6988	6989
3501	6990	6991
3502	6992	6993
3503	6994	6995
3504	6996	6997
3505	6998	6999
3506	7000	7001
3507	7002	7003
3508	7004	7005
3509	7006	7007
3510	7008	7009
3511	7010	7011
3512	7012	7013
3513	7014	7015
3514	7016	7017
3515	7018	7019
3516	7020	7021
3517	7022	7023
3518	7024	7025
3519	7026	7027
3520	7028	7029
3521	7030	7031
3522	7032	7033
3523	7034	7035
3524	7036	7037
3525	7038	7039
3526	7040	7041
3527	7042	7043
3528	7044	7045
3529	7046	7047
3530	7048	7049
3531	7050	7051
3532	7052	7053
3533	7054	7055
3534	7056	7057
3535	7058	7059
3536	7060	7061
3537	7062	7063
3538	7064	7065
3539	7066	7067
3540	7068	7069
3541	7070	7071
3542	7072	7073
3543	7074	7075
3544	7076	7077
3545	7078	7079
3546	7080	7081
3547	7082	7083
3548	7084	7085
3549	7086	7087
3550	7088	7089
3551	7090	7091
3552	7092	7093
3553	7094	7095
3554	7096	7097
3555	7098	7099
3556	7100	7101
3557	7102	7103
3558	7104	7105
3559	7106	7107
3560	7108	7109
3561	7110	7111
3562	7112	7113
3563	7114	7115
3564	7116	7117
3565	7118	7119
3566	7120	7121
3567	7122	7123
3568	7124	7125
3569	7126	7127
3570	7128	7129
3571	7130	7131
3572	7132	7133
3573	7134	7135
3574	7136	7137
3575	7138	7139
3576	7140	7141
3577	7142	7143
3578	7144	7145
3579	7146	7147
3580	7148	7149
3581	7150	7151
3582	7152	7153
3583	7154	7155
3584	7156	7157
3585	7158	7159
3586	7160	7161
3587	7162	7163
3588	7164	7165
3589	7166	7167
3590	7168	7169
3591	7170	7171
3592	7172	7173
3593	7174	7175
3594	7176	7177
3595	7178	7179
3596	7180	7181
3597	7182	7183
3598	7184	7185
3599	7186	7187
3600	7188	7189
3601	7190	7191
3602	7192	7193
3603	7194	7195
3604	7196	7197
3605	7198	7199
3606	7200	7201
3607	7202	7203
3608	7204	7205
3609	7206	7207
3610	7208	7209
3611	7210	7211
3612	7212	7213
3613	7214	7215
3614	7216	7217
3615	7218	7219
3616	7220	7221
3617	7222	7223
3618	7224	7225
3619	7226	7227
3620	7228	7229
3621	7230	7231
3622	7232	7233
3623	7234	7235
3624	7236	7237
3625	7238	7239
3626	7240	7241
3627	7242	7243
3628	7244	7245
3629	7246	7247
3630	7248	7249
3631	7250	7251
3632	7252	7253
3633	7254	7255
3634	7256	7257
3635	7258	7259
3636	7260	7261
3637	7262	7263
3638	7264	7265
3639	7266	7267
3640	7268	7269
3641	7270	7271
3642	7272	7273
3643	7274	7275
3644	7276	7277
3645	7278	7279
3646	7280	7281
3647	7282	7283
3648	7284	7285
3649	7286	7287
3650	7288	7289
3651	7290	7291
3652	7292	7293
3653	7294	7295
3654	7296	7297
3655	7298	7299
3656	7300	7301
3657	7302	7303
3658	7304	7305
3659	7306	7307
3660	7308	7309
3661	7310	7311
3662	7312	7313
3663	7314	7315
3664	7316	7317
3665	7318	7319
3666	7320	7321
3667	7322	7323
3668	7324	7325
3669	7326	7327
3670	7328	7329
3671	7330	7331
3672	7332	7333
3673	7334	7335
3674	7336	7337
3675	7338	7339
3676	7340	7341
3677	7342	7343
3678	7344	7345
3679	7346	7347
3680	7348	7349
3681	7350	7351
3682	7352	7353
3683	7354	7355
3684	7356	7357
3685	7358	7359
3686	7360	7361
3687	7362	7363
3688	7364	7365
3689	7366	7367
3690	7368	7369
3691	7370	7371
3692	7372	7373
3693	7374	7375
3694	7376	7377
3695	7378	7379
3696	7380	7381
3697	7382	7383
3698	7384	7385
3699	7386	7387
3700	7388	7389
3701	7390	7391
3702	7392	7393
3703	7394	7395
3704	7396	7397
3705	7398	7399
3706	7400	7401
3707	7402	7403
3708	7404	7405
3709	7406	7407
3710	7408	7409
3711	7410	7411
3712	7412	7413
3713	7414	7415
3714	7416	7417
3715	7418	7419
3716	7420	7421
3717	7422	7423
3718	7424	7425
3719	7426	7427
3720	7428	7429
3721	7430	7431
3722	7432	7433
3723	7434	7435
3724	7436	7437
3725	7438	7439
3726	7440	7441
3727	7442	7443
3728	7444	7445
3729	7446	7447
3730	7448	7449
3731	7450	7451
3732	7452	7453
3733	7454	7455
3734	7456	7457
3735	7458	7459
3736	7460	7461
3737	7462	7463
3738	7464	7465
3739	7466	7467
3740	7468	7469
3741	7470	7471
3742	7472	7473
3743	7474	7475
3744	7476	7477
3745	7478	7479
3746	7480	7481
3747	7482	7483
3748	7484	7485
3749	7486	7487
3750	7488	7489
3751	7490	7491
3752	7492	7493
3753	7494	7495
3754	7496	7497
3755	7498	7499
3756	7500	7501
3757	7502	7503
3758	7504	7505
3759	7506	7507
3760	7508	7509
3761	7510	7511
3762	7512	7513
3763	7514	7515
3764	7516	7517
3765	7518	7519
3766	7520	7521
3767	7522	7523
3768	7524	7525
3769	7526	7527
3770	7528	7529
3771	7530	7531
3772	7532	7533
3773	7534	7535
3774	7536	7537
3775	7538	7539
3776	7540	7541
3777	7542	7543
3778	7544	7545
3779	7546	7547
3780	7548	7549
3781	7550	7551
3782	7552	7553
3783	7554	7555
3784	7556	7557
3785	7558	7559
3786	7560	7561
3787	7562	7563
3788	7564	7565
3789	7566	7567
3790	7568	7569
3791	7570	7571
3792	7572	7573
3793	7574	7575
3794	7576	7577
3795	7578	7579
3796	7580	7581
3797	7582	7583
3798	7584	7585
3799	7586	7587
3800	7588	7589
3801	7590	7591
3802	7592	7593
3803	7594	7595
3804	7596	7597
3805	7598	7599
3806	7600	7601
3807	7602	7603
3808	7604	7605
3809	7606	7607
3810	7608	7609
3811	7610	7611
3812	7612	7613
3813	7614	7615
3814	7616	7617
3815	7618	7619
3816	7620	7621
3817	7622	7623
3818	7624	7625
3819	7626	7627
3820	7628	7629
3821	7630	7631
3822	7632	7633
3823	7634	7635
3824	7636	7637
3825	7638	7639
3826	7640	7641
3827	7642	7643
3828	7644	7645
3829	7646	7647
3830	7648	7649
3831	7650	7651
3832	7652	7653
3833	7654	7655
3834	7656	7657
3835	7658	7659
3836	7660	7661
3837	7662	7663
3838	7664	7665
3839	7666	7667
3840	7668	7669
3841	7670	7671
3842	7672	7673
3843	7674	7675
3844	7676	7677
3845	7678	7679
3846	7680	7681
3847	7682	7683
3848	7684	7685
3849	7686	7687
3850	7688	7689
3851	7690	7691
3852	7692	7693
3853	7694	7695
3854	7696	7697
3855	7698	7699
3856	7700	7701
3857	7702	7703
3858	7704	7705
3859	7706	7707
3860	7708	7709
3861	7710	7711
3862	7712	7713
3863	7714	7715
3864	7716	7717
3865	7718	7719
3866	7720	7721
3867	7722	7723
3868	7724	7725
3869	7726	7727
3870	7728	7729
3871	7730	7731
3872	7732	7733
3873	7734	7735
3874	7736	7737
3875	7738	7739
3876	7740	7741
3877	7742	7743
3878	7744	7745
3879	7746	7747
3880	7748	7749
3881	7750	7751
3882	7752	7753
3883	7754	7755
3884	7756	7757
3885	7758	7759
3886	7760	7761
3887	7762	7763
3888	7764	7765
3889	7766	7767
3890	7768	7769
3891	7770	7771
3892	7772	7773
3893	7774	7775
3894	7776	7777
3895	7778	7779
3896	7780	7781
3897	7782	7783
3898	7784	7785
3899	7786	7787
3900	7788	7789
3901	7790	7791
3902	7792	7793
3903	7794	7795
3904	7796	7797
3905	7798	7799
3906	7800	7801
3907	7802	7803
3908	7804	7805
3909	7806	7807
3910	7808	7809
3911	7810	7811
3912	7812	7813
3913	7814	7815
3914	7816	7817
3915	7818	7819
3916	7820	7821
3917	7822	7823
3918	7824	7825
3919	7826	7827
3920	7828	7829
3921	7830	7831
3922	7832	7833
3923	7834	7835
3924	7836	7837
3925	7838	7839
3926	7840	7841
3927	7842	7843
3928	7844	7845
3929	7846	7847
3930	7848	7849
3931	7850	7851
3932	7852	7853
3933	7854	7855
3934	7856	7857
3935	7858	7859
3936	7860	7861
3937	7862	7863
3938	7864	7865
3939	7866	7867
3940	7868	7869
3941	7870	7871
3942	7872	7873
3943	7874	7875
3944	7876	7877
3945	7878	7879
3946	7880	7881
3947	7882	7883
3948	7884	7885
3949	7886	7887
3950	7888	7889
3951	7890	7891
3952	7892	7893
3953	7894	7895
3954	7896	7897
3955	7898	7899
3956	7900	7901
3957	7902	7903
3958	7904	7905
3959	7906	7907
3960	7908	7909
3961	7910	7911
3962	7912	7913
3963	7914	7915
3964	7916	7917
3965	7918	7919
3966	7920	7921
3967	7922	7923
3968	7924	7925
3969	7926	7927
3970	7928	7929
3971	7930	7931
3972	7932	7933
3973	7934	7935
3974	7936	7937
3975	7938	7939
3976	7940	7941
3977	7942	7943
3978	7944	7945
3979	7946	7947
3980	7948	7949
3981	7950	7951
3982	7952	7953
3983	7954	7955
3984	7956	7957
3985	7958	7959
3986	7960	7961
3987	7962	7963
3988	7964	7965
3989	7966	7967
3990	7968	7969
3991	7970	7971
3992	7972	7973
3993	7974	7975
3994	7976	7977
3995	7978	7979
3996	7980	7981
3997	7982	7983
3998	7984	7985
3999	7986	7987
4000	7988	7989
4001	7990	7991
4002	7992	7993
4003	7994	7995
4004	7996	7997
4005	7998	7999
4006	8000	8001
4007	8002	8003
4008	8004	8005
4009	8006	8007
4010	8008	8009
4011	8010	8011
4012	8012	8013
4013	8014	8015
4014	8016	8017
4015	8018	8019
4016	8020	8021
4017	8022	8023
4018	8024	8025
4019	8026	8027
4020	8028	8029
4021	8030	8031
4022	8032	8033
4023	8034	8035
4024	8036	8037
4025	8038	8039
4026	8040	8041
4027	8042	8043
4028	8044	8045
4029	8046	8047
4030	8048	8049
4031	8050	8051
4032	8052	8053
4033	8054	8055
4034	8056	8057
4035	8058	8059
4036	8060	8061
4037	8062	8063
4038	8064	8065
4039	8066	8067
4040	8068	8069
4041	8070	8071
4042	8072	8073
4043	8074	8075
4044	8076	8077
4045	8078	8079
4046	8080	8081
4047	8082	8083
4048	8084	8085
4049	8086	8087
4050	8088	8089
4051	8090	8091
4052	8092	8093
4053	8094	8095
4054	8096	8097
4055	8098	8099
4056	8100	8101
4057	8102	8103
4058	8104	8105
4059	8106	8107
4060	8108	8109
4061	8110	8111
4062	8112	8113
4063	8114	8115
4064	8116	8117
4065	8118	8119
4066	8120	8121
4067	8122	8123
4068	8124	8125
4069	8126	8127
4070	8128	8129
4071	8130	8131
4072	8132	8133
4073	8134	8135
4074	8136	8137
4075	8138	8139
4076	8140	8141
4077	8142	8143
4078	8144	8145
4079	8146	8147
4080	8148	8149
4081	8150	8151
4082	8152	8153
4083	8154	8155
4084	8156	8157
4085	8158	8159
4086	8160	8161
4087	8162	8163
4088	8164	8165
4089	8166	8167
4090	8168	8169
4091	8170	8171
4092	8172	8173
4093	8174	8175
4094	8176	8177
4095	8178	8179
4096	8180	8181
4097	8182	8183
4098	8184	8185
4099	8186	8187
4100	8188	8189
4101	8190	8191
4102	8192	8193
4103	8194	8195
4104	8196	8197
4105	8198	8199
4106	8200	8201
4107	8202	8203
4108	8204	8205
4109	8206	8207
4110	8208	8209
4111	8210	8211
4112	8212	8213
4113	8214	8215
4114	8216	8217
4115	8218	8219
4116	8220	8221
4117	8222	8223
4118	8224	8225
4119	8226	8227
4120	8228	8229
4121	8230	8231
4122	8232	8233
4123	8234	8235
4124	8236	8237
4125	8238	8239
4126	8240	8241
4127	8242	8243
4128	8244	8245
4129	8246	8247
4130	8248	8249
4131	8250	8251
4132	8252	8253
4133	8254	8255
4134	8256	8257
4135	8258	8259
4136	8260	8261
4137	8262	8263
4138	8264	8265
4139	8266	8267
4140	8268	8269
4141	8270	8271
4142	8272	8273
4143	8274	8275
4144	8276	8277
4145	8278	8279
4146	8280	8281
4147	8282	8283
4148	8284	8285
4149	8286	8287
4150	8288	8289
4151	8290	8291
4152	8292	8293
4153	8294	8295
4154	8296	8297
4155	8298	8299
4156	8300	8301
4157	8302	8303
4158	8304	8305
4159	8306	8307
4160	8308	8309
4161	8310	8311
4162	8312	8313
4163	8314	8315
4164	8316	8317
4165	8318	8319
4166	8320	8321
4167	8322	8323
4168	8324	8325
4169	8326	8327
4170	8328	8329
4171	8330	8331
4172	8332	8333
4173	8334	8335
4174	8336	8337
4175	8338	8339
4176	8340	8341
4177	8342	8343
4178	8344	8345
4179	8346	8347
4180	8348	8349
4181	8350	8351
4182	8352	8353
4183	8354	8355
4184	8356	8357
4185	8358	8359
4186	8360	8361
4187	8362	8363
4188	8364	8365
4189	8366	8367
4190	8368	8369
4191	8370	8371
4192	8372	8373
4193	8374	8375
4194	8376	8377
4195	8378	8379
4196	8380	8381
4197	8382	8383
4198	8384	8385
4199	8386	8387
4200	8388	8389
4201	8390	8391
4202	8392	8393
4203	8394	8395
4204	8396	8397
4205	8398	8399
4206	8400	8401
4207	8402	8403
4208	8404	8405
4209	8406	8407
4210	8408	8409
4211	8410	8411
4212	8412	8413
4213	8414	8415
4214	8416	8417
4215	8418	8419
4216	8420	8421
4217	8422	8423
4218	8424	8425
4219	8426	8427
4220	8428	8429
4221	8430	8431
4222	8432	8433
4223	8434	8435
4224	8436	8437
4225	8438	8439
4226	8440	8441
4227	8442	8443
4228	8444	8445
4229	8446	8447
4230	8448	8449
4231	8450	8451
4232	8452	8453
4233	8454	8455
4234	8456	8457
4235	8458	8459
4236	8460	8461
4237	8462	8463
4238	8464	8465
4239	8466	8467
4240	8468	8469
4241	8470	8471
4242	8472	8473
4243	8474	8475
4244	8476	8477
4245	8478	8479
4246	8480	8481
4247	8482	8483
4248	8484	8485
4249	8486	8487
4250	8488	8489
4251	8490	8491
4252	8492	8493
4253	8494	8495
4254	8496	8497
4255	8498	8499
4256	8500	8501
4257	8502	8503
4258	8504	8505
4259	8506	8507
4260	8508	8509
4261	8510	8511
4262	8512	8513
4263	8514	8515
4264	8516	8517
4265	8518	8519
4266	8520	8521
4267	8522	8523
4268	8524	8525
4269	8526	8527
4270	8528	8529
4271	8530	8531
4272	8532	8533
4273	8534	8535
4274	8536	8537
4275	8538	8539
4276	8540	8541
4277	8542	8543
4278	8544	8545
4279	8546	8547
4280	8548	8549
4281	8550	8551
4282	8552	8553
4283	8554	8555
4284	8556	8557
4285	8558	8559
4286	8560	8561
4287	8562	8563
4288	8564	8565
4289	8566	8567
4290	8568	8569
4291	8570	8571
4292	8572	8573
4293	8574	8575
4294	8576	8577
4295	8578	8579
4296	8580	8581
4297	8582	8583
4298	8584	8585
4299	8586	8587
4300	8588	8589
4301	8590	8591
4302	8592	8593
4303	8594	8595
4304	8596	8597
4305	8598	8599
4306	8600	8601
4307	8602	8603
4308	8604	8605
4309	8606	8607
4310	8608	8609
4311	8610	8611
4312	8612	8613
4313	8614	8615
4314	8616	8617
4315	8618	8619
4316	8620	8621
4317	8622	8623
4318	8624	8625
4319	8626	8627
4320	8628	8629
4321	8630	8631
4322	8632	8633
4323	8634	8635
4324	8636	8637
4325	8638	8639
4326	8640	8641
4327	8642	8643
4328	8644	8645
4329	8646	8647
4330	8648	8649
4331	8650	8651
4332	8652	8653
4333	8654	8655
4334	8656	8657
4335	8658	8659
4336	8660	8661
4337	8662	8663
4338	8664	8665
4339	8666	8667
4340	8668	8669
4341	8670	8671
4342	8672	8673
4343	8674	8675
4344	8676	8677
4345	8678	8679
4346	8680	8681
4347	8682	8683
4348	8684	8685
4349	8686	8687
4350	8688	8689
4351	8690	8691
4352	8692	8693
4353	8694	8695
4354	8696	8697
4355	8698	8699
4356	8700	8701
4357	8702	8703
4358	8704	8705
4359	8706	8707
4360	8708	8709
4361	8710	8711
4362	8712	8713
4363	8714	8715
4364	8716	8717
4365	8718	8719
4366	8720	8721
4367	8722	8723
4368	8724	8725
4369	8726	8727
4370	8728	8729
4371	8730	8731
4372	8732	8733
4373	8734	8735
4374	8736	8737
4375	8738	8739
4376	8740	8741
4377	8742	8743
4378	8744	8745
4379	8746	8747
4380	8748	8749
4381	8750	8751
4382	8752	8753
4383	8754	8755
4384	8756	8757
4385	8758	8759
4386	8760	8761
4387	8762	8763
4388	8764	8765
4389	8766	8767
4390	8768	8769
4391	8770	8771
4392	8772	8773
4393	8774	8775
4394	8776	8777
4395	8778	8779
4396	8780	8781
4397	8782	8783
4398	8784	8785
4399	8786	8787
4400	8788	8789
4401	8790	8791
4402	8792	8793
4403	8794	8795
4404	8796	8797
4405	8798	8799
4406	8800	8801
4407	8802	8803
4408	8804	8805
4409	8806	8807
4410	8808	8809
4411	8810	8811
4412	8812	8813
4413	8814	8815
4414	8816	8817
4415	8818	8819
4416	8820	8821
4417	8822	8823
4418	8824	8825
4419	8826	8827
4420	8828	8829
4421	8830	8831
4422	8832	8833
4423	8834	8835
4424	8836	8837
4425	8838	8839
4426	8840	8841
4427	8842	8843
4428	8844	8845
4429	8846	8847
4430	8848	8849
4431	8850	8851
4432	8852	8853
4433	8854	8855
4434	8856	8857
4435	8858	8859
4436	8860	8861
4437	8862	8863
4438	8864	8865
4439	8866	8867
4440	8868	8869
4441	8870	8871
4442	8872	8873
4443	8874	8875
4444	8876	8877
4445	8878	8879
4446	8880	8881
4447	8882	8883
4448	8884	8885
4449	8886	8887
4450	8888	8889
4451	8890	8891
4452	8892	8893
4453	8894	8895
4454	8896	8897
4455	8898	8899
4456	8900	8901
4457	8902	8903
4458	8904	8905
4459	8906	8907
4460	8908	8909
4461	8910	8911
4462	8912	8913
4463	8914	8915
4464	8916	8917
4465	8918	8919
4466	8920	8921
4467	8922	8923
4468	8924	8925
4469	8926	8927
4470	8928	8929
4471	8930	8931
4472	8932	8933
4473	8934	8935
4474	8936	8937
4475	8938	8939
4476	8940	8941
4477	8942	8943
4478	8944	8945
4479	8946	8947
4480	8948	8949
4481	8950	8951
4482	8952	8953
4483	8954	8955
4484	8956	8957
4485	8958	8959
4486	8960	8961
4487	8962	8963
4488	8964	8965
4489	8966	8967
4490	8968	8969
4491	8970	8971
4492	8972	8973
4493	8974	8975
4494	8976	8977
4495	8978	8979
4496	8980	8981
4497	8982	8983
4498	8984	8985
4499	8986	8987
4500	8988	8989
4501	8990	8991
4502	8992	8993
4503	8994	8995
4504	8996	8997
4505	8998	8999
4506	9000	9001
4507	9002	9003
4508	9004	9005
4509	9006	9007
4510	9008	9009
4511	9010	9011
4512	9012	9013
4513	9014	9015
4514	9016	9017
4515	9018	9019
4516	9020	9021
4517	9022	9023
4518	9024	9025
4519	9026	9027
4520	9028	9029
4521	9030	9031
4522	9032	9033
4523	9034	9035
4524	9036	9037
4525	9038	9039
4526	9040	9041
4527	9042	9043
4528	9044	9045
4529	9046	9047
4530	9048	9049
4531	9050	9051
4532	9052	9053
4533	9054	9055
4534	9056	9057
4535	9058	9059
4536	9060	9061
4537	9062	9063
4538	9064	9065
4539	9066	9067
4540	9068	9069
4541	9070	9071
4542	9072	9073
4543	9074	9075
4544	9076	9077
4545	9078	9079
4546	9080	9081
4547	9082	9083
4548	9084	9085
4549	9086	9087
4550	9088	9089
4551	9090	9091
4552	9092	9093
4553	9094	9095
4554	9096	9097
4555	9098	9099
4556	9100	9101
4557	9102	9103
4558	9104	9105
4559	9106	9107
4560	9108	9109
4561	9110	9111
4562	9112	9113
4563	9114	9115
4564	9116	9117
4565	9118	9119
4566	9120	9121
4567	9122	9123
4568	9124	9125
4569	9126	9127
4570	9128	9129
4571	9130	9131
4572	9132	9133
4573	9134	9135
4574	9136	9137
4575	9138	9139
4576	9140	9141
4577	9142	9143
4578	9144	9145
4579	9146	9147
4580	9148	9149
4581	9150	9151
4582	9152	9153
4583	9154	9155
4584	9156	9157
4585	9158	9159
4586	9160	9161
4587	9162	9163
4588	9164	9165
4589	9166	9167
4590	9168	9169
4591	9170	9171
4592	9172	9173
4593	9174	9175
4594	9176	9177
4595	9178	9179
4596	9180	9181
4597	9182	9183
4598	9184	9185
4599	9186	9187
4600	9188	9189
4601	9190	9191
4602	9192	9193
4603	9194	9195
4604	9196	9197
4605	9198	9199
4606	9200	9201
4607	9202	9203
4608	9204	9205
4609	9206	9207
4610	9208	9209
4611	9210	9211
4612	9212	9213
4613	9214	9215
4614	9216	9217
4615	9218	9219
4616	9220	9221
4617	9222	9223
4618	9224	9225
4619	9226	9227
4620	9228	9229
4621	9230	9231
4622	9232	9233
4623	9234	9235
4624	9236	9237
4625	9238	9239
4626	9240	9241
4627	9242	9243
4628	9244	9245
4629	9246	9247
4630	9248	9249
4631	9250	9251
4632	9252	9253
4633	9254	9255
4634	9256	9257
4635	9258	9259
4636	9260	9261
4637	9262	9263
4638	9264	9265
4639	9266	9267
4640	9268	9269
4641	9270	9271
4642	9272	9273
4643	9274	9275
4644	9276	9277
4645	9278	9279
4646	9280	9281
4647	9282	9283
4648	9284	9285
4649	9286	9287
4650	9288	9289
4651	9290	9291
4652	9292	9293
4653	9294	9295
4654	9296	9297
4655	9298	9299
4656	9300	9301
4657	9302	9303
4658	9304	9305
4659	9306	9307
4660	9308	9309
4661	9310	9311
4662	9312	9313
4663	9314	9315
4664	9316	9317
4665	9318	9319
4666	9320	9321
4667	9322	9323
4668	9324	9325
4669	9326	9327
4670	9328	9329
4671	9330	9331
4672	9332	9333
4673	9334	9335
4674	9336	9337
4675	9338	9339
4676	9340	9341
4677	9342	9343
4678	9344	9345
4679	9346	9347
4680	9348	9349
4681	9350	9351
4682	9352	9353
4683	9354	9355
4684	9356	9357
4685	9358	9359
4686	9360	9361
4687	9362	9363
4688	9364	9365
4689	9366	9367
4690	9368	9369
4691	9370	9371
4692	9372	9373
4693	9374	9375
4694	9376	9377
4695	9378	9379
4696	9380	9381
4697	9382	9383
4698	9384	9385
4699	9386	9387
4700	9388	9389
4701	9390	9391
4702	9392	9393
4703	9394	9395
4704	9396	9397
4705	9398	9399
4706	9400	9401
4707	9402	9403
4708	9404	9405
4709	9406	9407
4710	9408	9409
4711	9410	9411
4712	9412	9413
4713	9414	9415
4714	9416	9417
4715	9418	9419
4716	9420	9421
4717	9422	9423
4718	9424	9425
4719	9426	9427
4720	9428	9429
4721	9430	9431
4722	9432	9433
4723	9434	9435
4724	9436	9437
4725	9438	9439
4726	9440	9441
4727	9442	9443
4728	9444	9445
4729	9446	9447
4730	9448	9449
4731	9450	9451
4732	9452	9453
4733	9454	9455
4734	9456	9457
4735	9458	9459
4736	9460	9461
4737	9462	9463
4738	9464	9465
4739	9466	9467
4740	9468	9469
4741	9470	9471
4742	9472	9473
4743	9474	9475
4744	9476	9477
4745	9478	9479
4746	9480	9481
4747	9482	9483
4748	9484	9485
4749	9486	9487
4750	9488	9489
4751	9490	9491
4752	9492	9493
4753	9494	9495
4754	9496	9497
4755	9498	9499
4756	9500	9501
4757	9502	9503
4758	9504	9505
4759	9506	9507
4760	9508	9509
4761	9510	9511
4762	9512	9513
4763	9514	9515
4764	9516	9517
4765	9518	9519
4766	9520	9521
4767	9522	9523
4768	9524	9525
4769	9526	9527
4770	9528	9529
4771	9530	9531
4772	9532	9533
4773	9534	9535
4774	9536	9537
4775	9538	9539
4776	9540	9541
4777	9542	9543
4778	9544	9545
4779	9546	9547
4780	9548	9549
4781	9550	9551
4782	9552	9553
4783	9554	9555
4784	9556	9557
4785	9558	9559
4786	9560	9561
4787	9562	9563
4788	9564	9565
4789	9566	9567
4790	9568	9569
4791	9570	9571
4792	9572	9573
4793	9574	9575
4794	9576	9577
4795	9578	9579
4796	9580	9581
4797	9582	9583
4798	9584	9585
4799	9586	9587
4800	9588	9589
4801	9590	9591
4802	9592	9593
4803	9594	9595
4804	9596	9597
4805	9598	9599
4806	9600	9601
4807	9602	9603
4808	9604	9605
4809	9606	9607
4810	9608	9609
4811	9610	9611
4812	9612	9613
4813	9614	9615
4814	9616	9617
4815	9618	9619
4816	9620	9621
4817	9622	9623
4818	9624	9625
4819	9626	9627
4820	9628	9629
4821	9630	9631
4822	9632	9633
4823	9634	9635
4824	9636	9637
4825	9638	9639
4826	9640	9641
4827	9642	9643
4828	9644	9645
4829	9646	9647
4830	9648	9649
4831	9650	9651
4832	9652	9653
4833	9654	9655
4834	9656	9657
4835	9658	9659
4836	9660	9661
4837	9662	9663
4838	9664	9665
4839	9666	9667
4840	9668	9669
4841	9670	9671
4842	9672	9673
4843	9674	9675
4844	9676	9677
4845	9678	9679
4846	9680	9681
4847	9682	9683
4848	9684	9685
4849	9686	9687
4850	9688	9689
4851	9690	9691
4852	9692	9693
4853	9694	9695
4854	9696	9697
4855	9698	9699
4856	9700	9701
4857	9702	9703
4858	9704	9705
4859	9706	9707
4860	9708	9709
4861	9710	9711
4862	9712	9713
4863	9714	9715
4864	9716	9717
4865	9718	9719
4866	9720	9721
4867	9722	9723
4868	9724	9725
4869	9726	9727
4870	9728	9729
4871	9730	9731
4872	9732	9733
4873	9734	9735
4874	9736	9737
4875	9738	9739
4876	9740	9741
4877	9742	9743
4878	9744	9745
4879	9746	9747
4880	9748	9749
4881	9750	9751
4882	9752	9753
4883	9754	9755
4884	9756	9757
4885	9758	9759
4886	9760	9761
4887	9762	9763
4888	9764	9765
4889	9766	9767
4890	9768	9769
4891	9770	9771
4892	9772	9773
4893	9774	9775
4894	9776	9777
4895	9778	9779
4896	9780	9781
4897	9782	9783
4898	9784	9785
4899	9786	9787
4900	9788	9789
4901	9790	9791
4902	9792	9793
4903	9794	9795
4904	9796	9797
4905	9798	9799
4906	9800	9801
4907	9802	9803
4908	9804	9805
4909	9806	9807
4910	9808	9809
4911	9810	9811
4912	9812	9813
4913	9814	9815
4914	9816	9817
4915	9818	9819
4916	9820	9821
4917	9822	9823
4918	9824	9825
4919	9826	9827
4920	9828	9829
4921	9830	9831
4922	9832	9833
4923	9834	9835
4924	9836	9837
4925	9838	9839
4926	9840	9841
4927	9842	9843
4928	9844	9845
4929	9846	9847
4930	9848	9849
4931	9850	9851
4932	9852	9853
4933	9854	9855
4934	9856	9857
4935	9858	9859
4936	9860	9861
4937	9862	9863
4938	9864	9865
4939	9866	9867
4940	9868	9869
4941	9870	9871
4942	9872	9873
4943	9874	9875
4944	9876	9877
4945	9878	9879
4946	9880	9881
4947	9882	9883
4948	9884	9885
4949	9886	9887
4950	9888	9889
4951	9890	9891
4952	9892	9893
4953	9894	9895
4954	9896	9897
4955	9898	9899
4956	9900	9901
4957	9902	9903
4958	9904	9905
4959	9906	9907
4960	9908	9909
4961	9910	9911
4962	9912	9913
4963	9914	9915
4964	9916	9917
4965	9918	9919
4966	9920	9921
4967	9922	9923
4968	9924	9925
4969	9926	9927
4970	9928	9929
4971	9930	9931
4972	9932	9933
4973	9934	9935
4974	9936	9937
4975	9938	9939
4976	9940	9941
4977	9942	9943
4978	9944	9945
4979	9946	9947
4980	9948	9949
4981	9950	9951
4982	9952	9953
4983	9954	9955
4984	9956	9957
4985	9958	9959
4986	9960	9961
4987	9962	9963
4988	9964	9965
4989	9966	9967
4990	9968	9969
4991	9970	9971
4992	9972	9973
4993	9974	9975
4994	9976	9977
4995	9978	9979
4996	9980	9981
4997	9982	9983
4998	9984	9985
4999	9986	9987
5000	9988	9989
5001	9990	9991
5002	9992	9993
5003	9994	9995
5004	9996	9997
5005	9998	9999
5006	10000	10001
5007	10002	10003
5008	10004	10005
5009	10006	10007
5010	10008	10009
5011	10010	10011
5012	10012	10013
5013	10014	10015
5014	10016	10017
5015	10018	10019
5016	10020	10021
5017	10022	10023
5018	10024	10025
5019	10026	10027
5020	10028	10029
5021	10030	10031
5022	10032	10033
5023	10034	10035
5024	10036	10037
5025	10038	10039
5026	10040	10041